# Structure from AMSCIFDB, AMS_ID: 1523590     Feff8L (EXAFS)       0.1      
# Mineral Name: <missing>
# Journal:   Zeitschrift f\"ur Elektrochemie und angewandte physikalische Chemie
# Authors: Esch, U., Schneider, A.
# Title1:   Das System Nickel-Platin
# Formula:    Ni0.5Pt0.5
# SpaceGroup: Fm-3m
# # sites:    1
# POT  Non-SCF, core-hole, AFOLP (folp(0)= 1.150)
# Abs   Z=78 Rmt= 1.402 Rnm= 1.437 L3 shell
# Pot 1 Z=28 Rmt= 1.410 Rnm= 1.447
# Pot 2 Z=78 Rmt= 1.420 Rnm= 1.459
# Gam_ch=5.171E+00 H-L exch
# Mu=-4.554E+00 kf=2.071E+00 Vint=-2.089E+01 Rs_int= 1.751
# PATH  Rmax= 7.000,  Keep_limit= 0.00, Heap_limit 0.00  Pwcrit= 2.50%
#  S02=1.000                                        Global_sig2= 0.00000
#  Curved wave amplitude ratio filter   4.000%
#     file         sig2 tot  cw amp ratio   deg  nlegs   reff  inp sig2
#           1       0.00000    100.00      7.00     2   2.6517
#           2       0.00000     68.27      5.00     2   2.6517
#           3       0.00000     24.34      4.00     2   3.7500
#           4       0.00000     14.16      2.00     2   3.7500
#           5       0.00000      4.39     14.00     3   3.9775
#           6       0.00000      9.21     28.00     3   3.9775
#           8       0.00000     37.95     11.00     2   4.5928
#           9       0.00000     55.09     13.00     2   4.5928
#          11       0.00000      7.81     28.00     3   4.9480
#          12       0.00000      4.87     24.00     3   4.9480
#          13       0.00000      6.42     32.00     3   4.9480
#          14       0.00000     10.82     20.00     3   4.9480
#          15       0.00000     14.06     20.00     3   4.9480
#          16       0.00000     13.33      6.00     2   5.3033
#          17       0.00000     16.97      6.00     2   5.3033
#          19       0.00000      5.02      6.00     3   5.3033
#          21       0.00000     31.86     10.00     3   5.3033
#          22       0.00000     14.45      4.00     3   5.3033
#          23       0.00000     10.67      2.00     3   5.3033
#          24       0.00000     49.15      8.00     3   5.3033
#          25       0.00000      8.91      4.00     4   5.3033
#          26       0.00000     10.46      6.00     4   5.3033
#          27       0.00000      4.76      2.00     4   5.3033
#          30       0.00000     26.65      5.00     4   5.3033
#          31       0.00000     11.29      2.00     4   5.3033
#          33       0.00000     13.32      1.00     4   5.3033
#          34       0.00000     54.25      4.00     4   5.3033
#          35       0.00000     17.05     11.00     2   5.9293
#          36       0.00000     26.39     13.00     2   5.9293
#          40       0.00000      4.21     10.00     3   6.1655
#          42       0.00000      5.81     12.00     3   6.1655
#          45       0.00000      7.65      5.00     2   6.4952
#    32/  41 paths used
#  -----------------------------------------------------------------------
#       k          chi          mag           phase @#
     0.0000    6.139637E-02  7.023621E-02  1.063665E+00
     0.0500    6.216815E-02  7.087921E-02  1.069791E+00
     0.1000    6.293852E-02  7.151864E-02  1.075925E+00
     0.1500    6.524583E-02  7.341269E-02  1.094620E+00
     0.2000    6.753507E-02  7.527426E-02  1.113358E+00
     0.2500    7.131473E-02  7.829125E-02  1.145436E+00
     0.3000    7.501615E-02  8.121652E-02  1.177514E+00
     0.3500    8.005714E-02  8.513390E-02  1.223708E+00
     0.4000    8.487075E-02  8.886886E-02  1.269697E+00
     0.4500    9.068434E-02  9.337337E-02  1.330222E+00
     0.5000    9.598742E-02  9.757436E-02  1.390196E+00
     0.5500    1.016985E-01  1.022743E-01  1.464630E+00
     0.6000    1.064677E-01  1.065246E-01  1.538111E+00
     0.6500    1.107147E-01  1.108810E-01  1.625577E+00
     0.7000    1.134969E-01  1.146337E-01  1.711744E+00
     0.7500    1.149540E-01  1.183516E-01  1.810990E+00
     0.8000    1.144574E-01  1.213088E-01  1.908491E+00
     0.8500    1.116562E-01  1.238309E-01  2.017947E+00
     0.9000    1.066756E-01  1.254703E-01  2.125216E+00
     0.9500    9.887531E-02  1.263876E-01  2.243214E+00
     1.0000    8.914882E-02  1.263549E-01  2.358404E+00
     1.0500    7.676550E-02  1.253792E-01  2.482669E+00
     1.1000    6.331190E-02  1.234575E-01  2.603122E+00
     1.1500    4.806242E-02  1.204355E-01  2.731088E+00
     1.2000    3.309938E-02  1.165625E-01  2.853669E+00
     1.2500    1.790635E-02  1.116291E-01  2.980487E+00
     1.3000    4.495540E-03  1.060484E-01  3.099189E+00
     1.3500   -7.619037E-03  9.957350E-02  3.218184E+00
     1.4000   -1.688480E-02  9.282114E-02  3.324518E+00
     1.4500   -2.391367E-02  8.561486E-02  3.424675E+00
     1.5000   -2.800991E-02  7.874959E-02  3.505238E+00
     1.5500   -3.008230E-02  7.221680E-02  3.571246E+00
     1.6000   -3.034841E-02  6.695784E-02  3.611997E+00
     1.6500   -3.001802E-02  6.309625E-02  3.637409E+00
     1.7000   -2.984125E-02  6.141650E-02  3.648966E+00
     1.7500   -3.104757E-02  6.169508E-02  3.668939E+00
     1.8000   -3.418498E-02  6.400257E-02  3.705058E+00
     1.8500   -3.995357E-02  6.750859E-02  3.774919E+00
     1.9000   -4.799722E-02  7.187928E-02  3.872772E+00
     1.9500   -5.793071E-02  7.620682E-02  4.005179E+00
     2.0000   -6.836680E-02  8.032295E-02  4.159763E+00
     2.0500   -7.789272E-02  8.341178E-02  4.346577E+00
     2.1000   -8.440714E-02  8.552851E-02  4.550279E+00
     2.1500   -8.638464E-02  8.651764E-02  4.767844E+00
     2.2000   -8.284128E-02  8.631622E-02  4.997104E+00
     2.2500   -7.113959E-02  8.318857E-02  5.257325E+00
     2.3000   -5.423372E-02  7.883673E-02  5.524560E+00
     2.3500   -3.420266E-02  7.350997E-02  5.799235E+00
     2.4000   -1.347392E-02  6.748726E-02  6.082183E+00
     2.4500    4.735016E-03  6.082339E-02  6.361113E+00
     2.5000    1.951361E-02  5.466495E-02  6.648205E+00
     2.5500    3.027320E-02  4.900023E-02  6.949149E+00
     2.6000    3.650150E-02  4.379691E-02  7.268464E+00
     2.6500    3.824208E-02  3.949951E-02  7.600982E+00
     2.7000    3.553669E-02  3.574506E-02  7.962010E+00
     2.7500    2.887593E-02  3.279571E-02  8.347906E+00
     2.8000    1.931181E-02  3.084219E-02  8.748174E+00
     2.8500    7.969461E-03  3.043504E-02  9.159838E+00
     2.9000   -4.421482E-03  3.128595E-02  9.566578E+00
     2.9500   -1.661745E-02  3.314917E-02  9.949870E+00
     3.0000   -2.737542E-02  3.562203E-02  1.030127E+01
     3.0500   -3.555613E-02  3.811439E-02  1.062710E+01
     3.1000   -4.080124E-02  4.088148E-02  1.093291E+01
     3.1500   -4.264051E-02  4.372597E-02  1.121886E+01
     3.2000   -4.097742E-02  4.645962E-02  1.148628E+01
     3.2500   -3.519398E-02  4.868554E-02  1.175840E+01
     3.3000   -2.628490E-02  5.061611E-02  1.202034E+01
     3.3500   -1.517038E-02  5.216334E-02  1.227128E+01
     3.4000   -2.977801E-03  5.327631E-02  1.251045E+01
     3.4500    1.019572E-02  5.385256E-02  1.275685E+01
     3.5000    2.250258E-02  5.396022E-02  1.299654E+01
     3.5500    3.286366E-02  5.357082E-02  1.322681E+01
     3.6000    4.060348E-02  5.275656E-02  1.344465E+01
     3.6500    4.603820E-02  5.163914E-02  1.366710E+01
     3.7000    4.858546E-02  5.025484E-02  1.387870E+01
     3.7500    4.861174E-02  4.869894E-02  1.407731E+01
     3.8000    4.675167E-02  4.711191E-02  1.426091E+01
     3.8500    4.317429E-02  4.527210E-02  1.444278E+01
     3.9000    3.891496E-02  4.370495E-02  1.460974E+01
     3.9500    3.453294E-02  4.259466E-02  1.476256E+01
     4.0000    3.031502E-02  4.211395E-02  1.490440E+01
     4.0500    2.582832E-02  4.211111E-02  1.504768E+01
     4.1000    2.117129E-02  4.284875E-02  1.519117E+01
     4.1500    1.589494E-02  4.428712E-02  1.534087E+01
     4.2000    9.509484E-03  4.630893E-02  1.550114E+01
     4.2500    1.451060E-03  4.838080E-02  1.567797E+01
     4.3000   -8.020608E-03  5.067977E-02  1.586689E+01
     4.3500   -1.862754E-02  5.303717E-02  1.606683E+01
     4.4000   -2.974920E-02  5.530485E-02  1.627592E+01
     4.4500   -4.038578E-02  5.711919E-02  1.649327E+01
     4.5000   -4.959907E-02  5.865900E-02  1.671556E+01
     4.5500   -5.648833E-02  5.987631E-02  1.694075E+01
     4.6000   -6.037791E-02  6.075707E-02  1.716698E+01
     4.6500   -6.078609E-02  6.117700E-02  1.739187E+01
     4.7000   -5.789869E-02  6.133683E-02  1.761517E+01
     4.7500   -5.203705E-02  6.130658E-02  1.783584E+01
     4.8000   -4.372461E-02  6.117363E-02  1.805327E+01
     4.8500   -3.356378E-02  6.099767E-02  1.826690E+01
     4.9000   -2.208937E-02  6.090339E-02  1.847840E+01
     4.9500   -9.762012E-03  6.095512E-02  1.868871E+01
     5.0000    3.032537E-03  6.119098E-02  1.889913E+01
     5.0500    1.587811E-02  6.156579E-02  1.911041E+01
     5.1000    2.840917E-02  6.206189E-02  1.932502E+01
     5.1500    4.006547E-02  6.261697E-02  1.954386E+01
     5.2000    5.015752E-02  6.314938E-02  1.976736E+01
     5.2500    5.784377E-02  6.347857E-02  1.999582E+01
     5.3000    6.237899E-02  6.355128E-02  2.022798E+01
     5.3500    6.323970E-02  6.329700E-02  2.046290E+01
     5.4000    6.023930E-02  6.266195E-02  2.069933E+01
     5.4500    5.353662E-02  6.148460E-02  2.093446E+01
     5.5000    4.395595E-02  5.988509E-02  2.116695E+01
     5.5500    3.253703E-02  5.790540E-02  2.139447E+01
     5.6000    2.047022E-02  5.563281E-02  2.161434E+01
     5.6500    9.108708E-03  5.331837E-02  2.181947E+01
     5.7000   -1.070587E-03  5.099921E-02  2.201214E+01
     5.7500   -9.602702E-03  4.892065E-02  2.218872E+01
     5.8000   -1.659482E-02  4.745203E-02  2.234842E+01
     5.8500   -2.284955E-02  4.708479E-02  2.249784E+01
     5.9000   -2.912601E-02  4.784822E-02  2.264559E+01
     5.9500   -3.606096E-02  4.976573E-02  2.280162E+01
     6.0000   -4.384952E-02  5.269871E-02  2.297400E+01
     6.0500   -5.231897E-02  5.661777E-02  2.316975E+01
     6.1000   -6.006437E-02  6.099194E-02  2.338732E+01
     6.1500   -6.537780E-02  6.550655E-02  2.362465E+01
     6.2000   -6.639502E-02  6.987551E-02  2.387890E+01
     6.2500   -6.155772E-02  7.384847E-02  2.414721E+01
     6.3000   -5.007570E-02  7.721095E-02  2.442705E+01
     6.3500   -3.227110E-02  7.978267E-02  2.471632E+01
     6.4000   -9.703591E-03  8.141599E-02  2.501327E+01
     6.4500    1.498057E-02  8.199517E-02  2.531647E+01
     6.5000    3.846947E-02  8.143611E-02  2.562474E+01
     6.5500    5.770392E-02  7.968922E-02  2.594249E+01
     6.6000    6.939713E-02  7.672350E-02  2.626297E+01
     6.6500    7.204648E-02  7.255327E-02  2.658527E+01
     6.7000    6.581731E-02  6.722305E-02  2.690840E+01
     6.7500    5.253869E-02  6.080711E-02  2.723113E+01
     6.8000    3.532251E-02  5.340876E-02  2.755170E+01
     6.8500    1.788129E-02  4.516004E-02  2.786723E+01
     6.9000    3.697571E-03  3.622352E-02  2.817208E+01
     6.9500   -4.759398E-03  2.680379E-02  2.845284E+01
     7.0000   -6.579546E-03  1.720899E-02  2.866665E+01
     7.0500   -2.552681E-03  8.393454E-03  2.858336E+01
     7.1000    4.940361E-03  7.183788E-03  2.751600E+01
     7.1500    1.260960E-02  1.522031E-02  2.729796E+01
     7.2000    1.715033E-02  2.423987E-02  2.748834E+01
     7.2500    1.609031E-02  3.291681E-02  2.776360E+01
     7.3000    8.412125E-03  4.091746E-02  2.806727E+01
     7.3500   -5.200185E-03  4.805415E-02  2.838276E+01
     7.4000   -2.254098E-02  5.419497E-02  2.870329E+01
     7.4500   -4.042982E-02  5.924751E-02  2.902536E+01
     7.5000   -5.547360E-02  6.315591E-02  2.934675E+01
     7.5500   -6.485531E-02  6.586807E-02  2.966954E+01
     7.6000   -6.673413E-02  6.742348E-02  2.998825E+01
     7.6500   -6.093782E-02  6.788383E-02  3.030146E+01
     7.7000   -4.869996E-02  6.734899E-02  3.060765E+01
     7.7500   -3.224200E-02  6.595663E-02  3.090517E+01
     7.8000   -1.417269E-02  6.388130E-02  3.119221E+01
     7.8500    3.121854E-03  6.133232E-02  3.146685E+01
     7.9000    1.793889E-02  5.854956E-02  3.172732E+01
     7.9500    2.946911E-02  5.579439E-02  3.197237E+01
     8.0000    3.773400E-02  5.333247E-02  3.220191E+01
     8.0500    4.339080E-02  5.143242E-02  3.241997E+01
     8.1000    4.706728E-02  5.025795E-02  3.262848E+01
     8.1500    4.930254E-02  4.988596E-02  3.283363E+01
     8.2000    5.019543E-02  5.027252E-02  3.304211E+01
     8.2500    4.937349E-02  5.126727E-02  3.325937E+01
     8.3000    4.615899E-02  5.265310E-02  3.348864E+01
     8.3500    3.986777E-02  5.419147E-02  3.373084E+01
     8.4000    3.014022E-02  5.565706E-02  3.398526E+01
     8.4500    1.719875E-02  5.685741E-02  3.425022E+01
     8.5000    1.950969E-03  5.764036E-02  3.452367E+01
     8.5500   -1.424094E-02  5.796598E-02  3.480574E+01
     8.6000   -2.938223E-02  5.767714E-02  3.509204E+01
     8.6500   -4.159523E-02  5.673491E-02  3.538046E+01
     8.7000   -4.941616E-02  5.513319E-02  3.566888E+01
     8.7500   -5.210450E-02  5.289686E-02  3.595501E+01
     8.8000   -4.979024E-02  5.008146E-02  3.623621E+01
     8.8500   -4.342196E-02  4.677484E-02  3.650925E+01
     8.9000   -3.452817E-02  4.310159E-02  3.677000E+01
     8.9500   -2.485063E-02  3.923150E-02  3.701313E+01
     9.0000   -1.593984E-02  3.539234E-02  3.723193E+01
     9.0500   -8.823066E-03  3.193924E-02  3.741923E+01
     9.1000   -3.781176E-03  2.920605E-02  3.756928E+01
     9.1500   -3.562051E-04  2.760744E-02  3.768621E+01
     9.2000    2.455727E-03  2.743600E-02  3.778874E+01
     9.2500    5.846873E-03  2.869577E-02  3.790430E+01
     9.3000    1.078305E-02  3.109289E-02  3.805327E+01
     9.3500    1.764616E-02  3.419646E-02  3.824131E+01
     9.4000    2.603662E-02  3.759458E-02  3.846415E+01
     9.4500    3.479701E-02  4.095671E-02  3.871435E+01
     9.5000    4.225888E-02  4.403553E-02  3.898488E+01
     9.5500    4.682229E-02  4.682231E-02  3.927083E+01
     9.6000    4.686655E-02  4.902068E-02  3.956746E+01
     9.6500    4.167107E-02  5.053884E-02  3.987132E+01
     9.7000    3.150902E-02  5.132325E-02  4.017967E+01
     9.7500    1.763250E-02  5.135473E-02  4.049023E+01
     9.8000    2.011734E-03  5.064558E-02  4.080097E+01
     9.8500   -1.310000E-02  4.923714E-02  4.111001E+01
     9.9000   -2.565595E-02  4.719708E-02  4.141542E+01
     9.9500   -3.422938E-02  4.461637E-02  4.171516E+01
    10.0000   -3.824772E-02  4.160575E-02  4.200698E+01
    10.0500   -3.812108E-02  3.841241E-02  4.228826E+01
    10.1000   -3.464401E-02  3.501038E-02  4.255630E+01
    10.1500   -2.910111E-02  3.153995E-02  4.280734E+01
    10.2000   -2.281940E-02  2.814848E-02  4.303699E+01
    10.2500   -1.688472E-02  2.498747E-02  4.324035E+01
    10.3000   -1.197861E-02  2.220997E-02  4.341265E+01
    10.3500   -8.350867E-03  1.996667E-02  4.355079E+01
    10.4000   -5.896859E-03  1.839701E-02  4.365600E+01
    10.4500   -4.281699E-03  1.761137E-02  4.373671E+01
    10.5000   -3.053477E-03  1.766862E-02  4.380861E+01
    10.5500   -1.713190E-03  1.856611E-02  4.388989E+01
    10.6000    2.545053E-04  2.025389E-02  4.399486E+01
    10.6500    3.355323E-03  2.265968E-02  4.413092E+01
    10.7000    8.021034E-03  2.570385E-02  4.429965E+01
    10.7500    1.448227E-02  2.930005E-02  4.449930E+01
    10.8000    2.259327E-02  3.334995E-02  4.472660E+01
    10.8500    3.166678E-02  3.773932E-02  4.497791E+01
    10.9000    4.040369E-02  4.233751E-02  4.524969E+01
    10.9500    4.699527E-02  4.700012E-02  4.553873E+01
    11.0000    4.943223E-02  5.157359E-02  4.584227E+01
    11.0500    4.617749E-02  5.610856E-02  4.615721E+01
    11.1000    3.605633E-02  6.025916E-02  4.648244E+01
    11.1500    1.934397E-02  6.386951E-02  4.681619E+01
    11.2000   -2.208908E-03  6.679616E-02  4.715697E+01
    11.2500   -2.553679E-02  6.891303E-02  4.750351E+01
    11.3000   -4.680182E-02  7.011584E-02  4.785473E+01
    11.3500   -6.221442E-02  7.032586E-02  4.820965E+01
    11.4000   -6.893056E-02  6.949285E-02  4.856739E+01
    11.4500   -6.578003E-02  6.759699E-02  4.892707E+01
    11.5000   -5.360882E-02  6.465005E-02  4.928778E+01
    11.5500   -3.511678E-02  6.069543E-02  4.964850E+01
    11.6000   -1.421276E-02  5.580753E-02  5.000797E+01
    11.6500    4.949025E-03  5.009039E-02  5.036445E+01
    11.7000    1.898986E-02  4.367636E-02  5.071528E+01
    11.7500    2.610139E-02  3.672597E-02  5.105598E+01
    11.8000    2.639421E-02  2.943278E-02  5.137788E+01
    11.8500    2.171022E-02  2.204606E-02  5.166151E+01
    11.9000    1.496591E-02  1.496823E-02  5.185387E+01
    11.9500    9.230461E-03  9.241998E-03  5.178631E+01
    12.0000    6.815293E-03  8.019165E-03  5.128123E+01
    12.0500    8.651606E-03  1.208504E-02  5.106339E+01
    12.1000    1.409177E-02  1.755048E-02  5.119767E+01
    12.1500    2.121964E-02  2.286049E-02  5.145509E+01
    12.2000    2.748632E-02  2.756718E-02  5.175967E+01
    12.2500    3.051238E-02  3.148146E-02  5.208504E+01
    12.3000    2.879682E-02  3.450671E-02  5.241980E+01
    12.3500    2.212643E-02  3.659939E-02  5.275787E+01
    12.4000    1.158251E-02  3.775743E-02  5.309529E+01
    12.4500   -8.301773E-04  3.801635E-02  5.342891E+01
    12.5000   -1.279367E-02  3.744814E-02  5.375573E+01
    12.5500   -2.232445E-02  3.616159E-02  5.407245E+01
    12.6000   -2.825999E-02  3.430398E-02  5.437518E+01
    12.6500   -3.045063E-02  3.206415E-02  5.465928E+01
    12.7000   -2.962554E-02  2.967596E-02  5.491957E+01
    12.7500   -2.700656E-02  2.741792E-02  5.515131E+01
    12.8000   -2.381769E-02  2.559680E-02  5.535291E+01
    12.8500   -2.085974E-02  2.449665E-02  5.552976E+01
    12.9000   -1.828607E-02  2.428973E-02  5.569631E+01
    12.9500   -1.563952E-02  2.495901E-02  5.587147E+01
    13.0000   -1.212134E-02  2.630625E-02  5.606980E+01
    13.0500   -7.017793E-03  2.802236E-02  5.629554E+01
    13.1000   -2.373929E-05  2.983600E-02  5.654787E+01
    13.1500    8.513648E-03  3.150671E-02  5.682229E+01
    13.2000    1.758935E-02  3.284898E-02  5.711372E+01
    13.2500    2.575668E-02  3.372782E-02  5.741764E+01
    13.3000    3.150352E-02  3.405075E-02  5.773021E+01
    13.3500    3.367498E-02  3.376062E-02  5.804822E+01
    13.4000    3.181545E-02  3.283031E-02  5.836875E+01
    13.4500    2.632694E-02  3.125910E-02  5.868888E+01
    13.5000    1.839439E-02  2.907099E-02  5.900517E+01
    13.5500    9.694545E-03  2.631533E-02  5.931297E+01
    13.6000    1.966077E-03  2.307216E-02  5.960494E+01
    13.6500   -3.443049E-03  1.946810E-02  5.986805E+01
    13.7000   -5.927549E-03  1.572114E-02  6.007686E+01
    13.7500   -5.778701E-03  1.226633E-02  6.018080E+01
    13.8000   -4.094027E-03  1.003319E-02  6.011058E+01
    13.8500   -2.460751E-03  1.032517E-02  5.993090E+01
    13.9000   -2.491322E-03  1.317327E-02  5.988053E+01
    13.9500   -5.330918E-03  1.739483E-02  6.000174E+01
    14.0000   -1.126874E-02  2.214859E-02  6.022403E+01
    14.0500   -1.961344E-02  2.703665E-02  6.050193E+01
    14.1000   -2.858880E-02  3.178136E-02  6.080899E+01
    14.1500   -3.593701E-02  3.623171E-02  6.113343E+01
    14.2000   -3.940617E-02  4.027274E-02  6.146888E+01
    14.2500   -3.733770E-02  4.381187E-02  6.181162E+01
    14.3000   -2.913972E-02  4.677408E-02  6.215930E+01
    14.3500   -1.551863E-02  4.910055E-02  6.251028E+01
    14.4000    1.600211E-03  5.074870E-02  6.286339E+01
    14.4500    1.945281E-02  5.169272E-02  6.321767E+01
    14.5000    3.502874E-02  5.192416E-02  6.357229E+01
    14.5500    4.572878E-02  5.145235E-02  6.392649E+01
    14.6000    4.992320E-02  5.030441E-02  6.427946E+01
    14.6500    4.727206E-02  4.852493E-02  6.463038E+01
    14.7000    3.873334E-02  4.617507E-02  6.497830E+01
    14.7500    2.626901E-02  4.333112E-02  6.532212E+01
    14.8000    1.233935E-02  4.008263E-02  6.566052E+01
    14.8500   -6.722091E-04  3.652990E-02  6.599185E+01
    14.9000   -1.095150E-02  3.278108E-02  6.631407E+01
    14.9500   -1.754574E-02  2.894877E-02  6.662459E+01
    15.0000   -2.040444E-02  2.514630E-02  6.692004E+01
    15.0500   -2.012069E-02  2.142059E-02  6.719408E+01
    15.1000   -1.786468E-02  1.796003E-02  6.744116E+01
    15.1500   -1.478036E-02  1.486868E-02  6.765329E+01
    15.2000   -1.177300E-02  1.223897E-02  6.782107E+01
    15.2500   -9.383026E-03  1.014903E-02  6.793525E+01
    15.3000   -7.809014E-03  8.660148E-03  6.799131E+01
    15.3500   -7.026263E-03  7.813148E-03  6.799690E+01
    15.4000   -6.920274E-03  7.623968E-03  6.797727E+01
    15.4500   -7.364216E-03  8.081848E-03  6.796884E+01
    15.5000   -8.208647E-03  9.153250E-03  6.800255E+01
    15.5500   -9.203533E-03  1.078695E-02  6.809293E+01
    15.6000   -9.914071E-03  1.291561E-02  6.823994E+01
    15.6500   -9.704630E-03  1.545585E-02  6.843619E+01
    15.7000   -7.842010E-03  1.830943E-02  6.867242E+01
    15.7500   -3.717906E-03  2.136600E-02  6.894014E+01
    15.8000    2.869383E-03  2.450673E-02  6.923239E+01
    15.8500    1.147729E-02  2.760831E-02  6.954377E+01
    15.9000    2.093532E-02  3.054716E-02  6.987011E+01
    15.9500    2.948812E-02  3.320356E-02  7.020824E+01
    16.0000    3.516566E-02  3.546569E-02  7.055567E+01
    16.0500    3.622483E-02  3.716932E-02  7.091175E+01
    16.1000    3.186689E-02  3.827883E-02  7.127304E+01
    16.1500    2.245332E-02  3.873188E-02  7.163826E+01
    16.2000    9.535054E-03  3.848644E-02  7.200627E+01
    16.2500   -4.468310E-03  3.752235E-02  7.237600E+01
    16.3000   -1.685747E-02  3.584239E-02  7.274629E+01
    16.3500   -2.534863E-02  3.347257E-02  7.311579E+01
    16.4000   -2.867028E-02  3.046205E-02  7.348274E+01
    16.4500   -2.687886E-02  2.688276E-02  7.384446E+01
    16.5000   -2.129289E-02  2.282974E-02  7.419644E+01
    16.5500   -1.406208E-02  1.842448E-02  7.452993E+01
    16.6000   -7.502791E-03  1.383010E-02  7.482482E+01
    16.6500   -3.404979E-03  9.319107E-03  7.502419E+01
    16.7000   -2.524729E-03  5.642054E-03  7.493427E+01
    16.7500   -4.416024E-03  5.179572E-03  7.437731E+01
    16.8000   -7.645972E-03  8.212997E-03  7.420119E+01
    16.8500   -1.031468E-02  1.204103E-02  7.436953E+01
    16.9000   -1.070518E-02  1.573084E-02  7.464975E+01
    16.9500   -7.851478E-03  1.900247E-02  7.497228E+01
    17.0000   -1.845274E-03  2.172325E-02  7.531318E+01
    17.0500    6.232146E-03  2.387059E-02  7.566237E+01
    17.1000    1.463864E-02  2.534813E-02  7.601389E+01
    17.1500    2.149856E-02  2.614418E-02  7.636368E+01
    17.2000    2.538911E-02  2.627768E-02  7.670823E+01
    17.2500    2.572730E-02  2.579959E-02  7.704390E+01
    17.3000    2.286345E-02  2.479584E-02  7.736643E+01
    17.3500    1.786881E-02  2.339228E-02  7.767052E+01
    17.4000    1.210858E-02  2.176180E-02  7.794975E+01
    17.4500    6.760245E-03  2.013157E-02  7.819736E+01
    17.5000    2.447735E-03  1.878038E-02  7.840911E+01
    17.5500   -8.857742E-04  1.800250E-02  7.858904E+01
    17.6000   -3.832992E-03  1.801715E-02  7.875420E+01
    17.6500   -7.169833E-03  1.886394E-02  7.892970E+01
    17.7000   -1.143213E-02  2.038686E-02  7.913512E+01
    17.7500   -1.658232E-02  2.232454E-02  7.937704E+01
    17.8000   -2.189361E-02  2.441027E-02  7.965253E+01
    17.8500   -2.610224E-02  2.642042E-02  7.995526E+01
    17.9000   -2.778454E-02  2.818303E-02  8.027897E+01
    17.9500   -2.583692E-02  2.957173E-02  8.061865E+01
    18.0000   -1.989907E-02  3.049778E-02  8.097056E+01
    18.0500   -1.058854E-02  3.088346E-02  8.133145E+01
    18.1000    5.643106E-04  3.072073E-02  8.169978E+01
    18.1500    1.149117E-02  3.000263E-02  8.207446E+01
    18.2000    2.008196E-02  2.874180E-02  8.245499E+01
    18.2500    2.472530E-02  2.696817E-02  8.284148E+01
    18.3000    2.472324E-02  2.472699E-02  8.323478E+01
    18.3500    2.046416E-02  2.207740E-02  8.363686E+01
    18.4000    1.330919E-02  1.909244E-02  8.405167E+01
    18.4500    5.228210E-03  1.586253E-02  8.448713E+01
    18.5000   -1.711284E-03  1.250890E-02  8.496024E+01
    18.5500   -5.864064E-03  9.230910E-03  8.551135E+01
    18.6000   -6.401810E-03  6.478642E-03  8.623964E+01
    18.6500   -3.488109E-03  5.362455E-03  8.725639E+01
    18.7000    1.799376E-03  6.739769E-03  8.823485E+01
    18.7500    7.767849E-03  9.480874E-03  8.892481E+01
    18.8000    1.254592E-02  1.258502E-02  8.945655E+01
    18.8500    1.454700E-02  1.567949E-02  8.991779E+01
    18.9000    1.284991E-02  1.860945E-02  9.034400E+01
    18.9500    7.413335E-03  2.129136E-02  9.075055E+01
    19.0000   -9.167717E-04  2.367120E-02  9.114493E+01
    19.0500   -1.060266E-02  2.569646E-02  9.153151E+01
    19.1000   -1.973169E-02  2.735437E-02  9.191192E+01
    19.1500   -2.648217E-02  2.862493E-02  9.228760E+01
    19.2000   -2.949064E-02  2.949518E-02  9.265943E+01
    19.2500   -2.813269E-02  2.995868E-02  9.302792E+01
    19.3000   -2.263858E-02  3.001546E-02  9.339330E+01
    19.3500   -1.402284E-02  2.967212E-02  9.375555E+01
    19.4000   -3.847631E-03  2.894219E-02  9.411444E+01
    19.4500    6.123554E-03  2.784643E-02  9.446950E+01
    19.5000    1.430098E-02  2.641327E-02  9.481992E+01
    19.5500    1.958591E-02  2.467921E-02  9.516452E+01
    19.6000    2.155842E-02  2.268929E-02  9.550152E+01
    19.6500    2.049691E-02  2.049788E-02  9.582833E+01
    19.7000    1.723338E-02  1.816999E-02  9.614105E+01
    19.7500    1.289020E-02  1.578396E-02  9.643376E+01
    19.8000    8.573242E-03  1.343688E-02  9.669742E+01
    19.8500    5.104377E-03  1.125454E-02  9.691864E+01
    19.9000    2.861038E-03  9.405659E-03  9.708029E+01
    19.9500    1.756424E-03  8.104034E-03  9.717090E+01
    20.0000    1.351417E-03  7.541726E-03  9.720921E+01
