# Structure from AMSCIFDB, AMS_ID: 1523590     Feff8L (EXAFS)       0.1      
# Mineral Name: <missing>
# Journal:   Zeitschrift f\"ur Elektrochemie und angewandte physikalische Chemie
# Authors: Esch, U., Schneider, A.
# Title1:   Das System Nickel-Platin
# Formula:    Ni0.5Pt0.5
# SpaceGroup: Fm-3m
# # sites:    1
# POT  Non-SCF, core-hole, AFOLP (folp(0)= 1.150)
# Abs   Z=78 Rmt= 1.402 Rnm= 1.437 L3 shell
# Pot 1 Z=28 Rmt= 1.410 Rnm= 1.447
# Pot 2 Z=78 Rmt= 1.420 Rnm= 1.459
# Gam_ch=5.171E+00 H-L exch
# Mu=-4.554E+00 kf=2.071E+00 Vint=-2.089E+01 Rs_int= 1.751
# PATH  Rmax= 7.000,  Keep_limit= 0.00, Heap_limit 0.00  Pwcrit= 2.50%
#  S02=1.000                                        Global_sig2= 0.00000
#  Curved wave amplitude ratio filter   4.000%
#     file         sig2 tot  cw amp ratio   deg  nlegs   reff  inp sig2
#           1       0.00000    100.00      7.00     2   2.6517
#           2       0.00000     68.27      5.00     2   2.6517
#           3       0.00000     24.34      4.00     2   3.7500
#           4       0.00000     14.16      2.00     2   3.7500
#           5       0.00000      4.39     14.00     3   3.9775
#           6       0.00000      9.21     28.00     3   3.9775
#           8       0.00000     37.95     11.00     2   4.5928
#           9       0.00000     55.09     13.00     2   4.5928
#          11       0.00000      7.81     28.00     3   4.9480
#          12       0.00000      4.87     24.00     3   4.9480
#          13       0.00000      6.42     32.00     3   4.9480
#          14       0.00000     10.82     20.00     3   4.9480
#          15       0.00000     14.06     20.00     3   4.9480
#          16       0.00000     13.33      6.00     2   5.3033
#          17       0.00000     16.97      6.00     2   5.3033
#          19       0.00000      5.02      6.00     3   5.3033
#          21       0.00000     31.86     10.00     3   5.3033
#          22       0.00000     14.45      4.00     3   5.3033
#          23       0.00000     10.67      2.00     3   5.3033
#          24       0.00000     49.15      8.00     3   5.3033
#          25       0.00000      8.91      4.00     4   5.3033
#          26       0.00000     10.46      6.00     4   5.3033
#          27       0.00000      4.76      2.00     4   5.3033
#          30       0.00000     26.65      5.00     4   5.3033
#          31       0.00000     11.29      2.00     4   5.3033
#          33       0.00000     13.32      1.00     4   5.3033
#          34       0.00000     54.25      4.00     4   5.3033
#          35       0.00000     17.05     11.00     2   5.9293
#          36       0.00000     26.39     13.00     2   5.9293
#          40       0.00000      4.21     10.00     3   6.1655
#          42       0.00000      5.81     12.00     3   6.1655
#          45       0.00000      7.65      5.00     2   6.4952
#    32/  41 paths used
#  xsedge+50, used to normalize mu           3.9077E-04
#  -----------------------------------------------------------------------
#  omega    e    k    mu    mu0     chi     @#
   11565.422     -4.554   0.000  7.50083E-01  6.57180E-01  6.13964E-02
   11565.431     -4.544   0.050  7.54384E-01  6.60446E-01  6.21682E-02
   11565.460     -4.516   0.100  7.58681E-01  6.63713E-01  6.29385E-02
   11565.507     -4.468   0.150  7.71309E-01  6.73267E-01  6.52458E-02
   11565.574     -4.401   0.200  7.83881E-01  6.82822E-01  6.75351E-02
   11565.660     -4.316   0.250  8.04340E-01  6.98340E-01  7.13147E-02
   11565.765     -4.211   0.300  8.24606E-01  7.13859E-01  7.50161E-02
   11565.888     -4.087   0.350  8.51732E-01  7.34608E-01  8.00571E-02
   11566.031     -3.944   0.400  8.78395E-01  7.55357E-01  8.48708E-02
   11566.193     -3.782   0.450  9.09865E-01  7.79844E-01  9.06843E-02
   11566.374     -3.601   0.500  9.40427E-01  8.04330E-01  9.59874E-02
   11566.574     -3.401   0.550  9.72620E-01  8.30238E-01  1.01698E-01
   11566.793     -3.182   0.600  1.00331E+00  8.56146E-01  1.06468E-01
   11567.031     -2.944   0.650  1.03168E+00  8.80755E-01  1.10715E-01
   11567.289     -2.687   0.700  1.05793E+00  9.05365E-01  1.13497E-01
   11567.565     -2.411   0.750  1.07862E+00  9.26333E-01  1.14954E-01
   11567.860     -2.115   0.800  1.09670E+00  9.47301E-01  1.14457E-01
   11568.174     -1.801   0.850  1.10687E+00  9.63297E-01  1.11656E-01
   11568.508     -1.468   0.900  1.11439E+00  9.79294E-01  1.06676E-01
   11568.860     -1.115   0.950  1.11345E+00  9.90096E-01  9.88753E-02
   11569.232     -0.744   1.000  1.11044E+00  1.00090E+00  8.91488E-02
   11569.622     -0.353   1.050  1.10003E+00  1.00707E+00  7.67655E-02
   11570.032      0.056   1.100  1.08878E+00  1.01324E+00  6.33119E-02
   11570.460      0.485   1.150  1.07225E+00  1.01571E+00  4.80624E-02
   11570.908      0.933   1.200  1.05657E+00  1.01818E+00  3.30994E-02
   11571.375      1.399   1.250  1.03844E+00  1.01794E+00  1.79063E-02
   11571.861      1.885   1.300  1.02278E+00  1.01770E+00  4.49554E-03
   11572.365      2.390   1.350  1.00716E+00  1.01566E+00 -7.61904E-03
   11572.889      2.914   1.400  9.94997E-01  1.01361E+00 -1.68848E-02
   11573.432      3.457   1.450  9.84410E-01  1.01049E+00 -2.39137E-02
   11573.994      4.019   1.500  9.77154E-01  1.00736E+00 -2.80099E-02
   11574.575      4.600   1.550  9.71593E-01  1.00373E+00 -3.00823E-02
   11575.175      5.200   1.600  9.67987E-01  1.00009E+00 -3.03484E-02
   11575.794      5.819   1.650  9.64862E-01  9.96347E-01 -3.00180E-02
   11576.433      6.457   1.700  9.61571E-01  9.92607E-01 -2.98413E-02
   11577.090      7.114   1.750  9.56996E-01  9.89057E-01 -3.10476E-02
   11577.766      7.791   1.800  9.50458E-01  9.85506E-01 -3.41850E-02
   11578.461      8.486   1.850  9.41621E-01  9.82342E-01 -3.99536E-02
   11579.176      9.200   1.900  9.30549E-01  9.79179E-01 -4.79972E-02
   11579.909      9.934   1.950  9.18187E-01  9.76603E-01 -5.79307E-02
   11580.662     10.686   2.000  9.05417E-01  9.74027E-01 -6.83668E-02
   11581.433     11.458   2.050  8.94060E-01  9.71975E-01 -7.78927E-02
   11582.224     12.248   2.100  8.85768E-01  9.69922E-01 -8.44071E-02
   11583.033     13.058   2.150  8.82027E-01  9.67870E-01 -8.63846E-02
   11583.862     13.887   2.200  8.83768E-01  9.65818E-01 -8.28413E-02
   11584.710     14.734   2.250  8.94141E-01  9.64472E-01 -7.11396E-02
   11585.577     15.601   2.300  9.09607E-01  9.63126E-01 -5.42337E-02
   11586.462     16.487   2.350  9.28091E-01  9.61781E-01 -3.42027E-02
   11587.367     17.392   2.400  9.47187E-01  9.60435E-01 -1.34739E-02
   11588.291     18.316   2.450  9.61573E-01  9.56917E-01  4.73502E-03
   11589.234     19.259   2.500  9.72592E-01  9.53399E-01  1.95136E-02
   11590.196     20.221   2.550  9.79661E-01  9.49881E-01  3.02732E-02
   11591.177     21.202   2.600  9.82277E-01  9.46364E-01  3.65015E-02
   11592.177     22.202   2.650  9.83027E-01  9.45316E-01  3.82421E-02
   11593.196     23.221   2.700  9.79391E-01  9.44268E-01  3.55367E-02
   11594.235     24.259   2.750  9.71825E-01  9.43221E-01  2.88759E-02
   11595.292     25.316   2.800  9.61346E-01  9.42173E-01  1.93118E-02
   11596.368     26.393   2.850  9.50621E-01  9.42695E-01  7.96946E-03
   11597.464     27.488   2.900  9.38813E-01  9.43218E-01 -4.42148E-03
   11598.578     28.603   2.950  9.27158E-01  9.43740E-01 -1.66174E-02
   11599.712     29.736   3.000  9.16899E-01  9.44262E-01 -2.73754E-02
   11600.864     30.889   3.050  9.08981E-01  9.44543E-01 -3.55561E-02
   11602.036     32.060   3.100  9.03991E-01  9.44824E-01 -4.08012E-02
   11603.226     33.251   3.150  9.02405E-01  9.45104E-01 -4.26405E-02
   11604.436     34.460   3.200  9.04326E-01  9.45385E-01 -4.09774E-02
   11605.665     35.689   3.250  9.11262E-01  9.46531E-01 -3.51940E-02
   11606.912     36.937   3.300  9.21332E-01  9.47677E-01 -2.62849E-02
   11608.179     38.204   3.350  9.33615E-01  9.48823E-01 -1.51704E-02
   11609.465     39.490   3.400  9.46983E-01  9.49969E-01 -2.97780E-03
   11610.770     40.795   3.450  9.60131E-01  9.49914E-01  1.01957E-02
   11612.094     42.119   3.500  9.72397E-01  9.49860E-01  2.25026E-02
   11613.437     43.462   3.550  9.82701E-01  9.49805E-01  3.28637E-02
   11614.799     44.824   3.600  9.90373E-01  9.49751E-01  4.06035E-02
   11616.180     46.205   3.650  9.96183E-01  9.50171E-01  4.60382E-02
   11617.580     47.605   3.700  9.99099E-01  9.50592E-01  4.85855E-02
   11619.000     49.024   3.750  9.99495E-01  9.51012E-01  4.86117E-02
   11620.438     50.462   3.800  9.98012E-01  9.51432E-01  4.67517E-02
   11621.895     51.920   3.850  9.93732E-01  9.50783E-01  4.31743E-02
   11623.372     53.396   3.900  9.88785E-01  9.50135E-01  3.89150E-02
   11624.867     54.891   3.950  9.83730E-01  9.49486E-01  3.45329E-02
   11626.381     56.406   4.000  9.78851E-01  9.48837E-01  3.03150E-02
   11627.915     57.939   4.050  9.73707E-01  9.48186E-01  2.58283E-02
   11629.468     59.492   4.100  9.68413E-01  9.47535E-01  2.11713E-02
   11631.039     61.064   4.150  9.62527E-01  9.46884E-01  1.58949E-02
   11632.630     62.654   4.200  9.55573E-01  9.46233E-01  9.50948E-03
   11634.240     64.264   4.250  9.46629E-01  9.45207E-01  1.45106E-03
   11635.868     65.893   4.300  9.36340E-01  9.44181E-01 -8.02061E-03
   11637.516     67.541   4.350  9.24987E-01  9.43155E-01 -1.86275E-02
   11639.183     69.207   4.400  9.13181E-01  9.42130E-01 -2.97492E-02
   11640.869     70.893   4.450  9.01565E-01  9.40770E-01 -4.03858E-02
   11642.574     72.598   4.500  8.91377E-01  9.39411E-01 -4.95991E-02
   11644.298     74.322   4.550  8.83477E-01  9.38051E-01 -5.64883E-02
   11646.041     76.065   4.600  8.78501E-01  9.36691E-01 -6.03779E-02
   11647.803     77.828   4.650  8.77197E-01  9.35640E-01 -6.07861E-02
   11649.584     79.609   4.700  8.79057E-01  9.34589E-01 -5.78987E-02
   11651.384     81.409   4.750  8.83749E-01  9.33538E-01 -5.20371E-02
   11653.204     83.228   4.800  8.90752E-01  9.32487E-01 -4.37246E-02
   11655.042     85.067   4.850  8.99274E-01  9.31237E-01 -3.35638E-02
   11656.899     86.924   4.900  9.09000E-01  9.29987E-01 -2.20894E-02
   11658.776     88.800   4.950  9.19483E-01  9.28737E-01 -9.76201E-03
   11660.671     90.696   5.000  9.30355E-01  9.27487E-01  3.03254E-03
   11662.586     92.610   5.050  9.41491E-01  9.26506E-01  1.58781E-02
   11664.519     94.544   5.100  9.52280E-01  9.25525E-01  2.84092E-02
   11666.472     96.496   5.150  9.62198E-01  9.24545E-01  4.00655E-02
   11668.444     98.468   5.200  9.70604E-01  9.23564E-01  5.01575E-02
   11670.434    100.459   5.250  9.76835E-01  9.22688E-01  5.78438E-02
   11672.444    102.469   5.300  9.80096E-01  9.21812E-01  6.23790E-02
   11674.473    104.497   5.350  9.79914E-01  9.20936E-01  6.32397E-02
   11676.521    106.545   5.400  9.76134E-01  9.20060E-01  6.02393E-02
   11678.588    108.612   5.450  9.68989E-01  9.19234E-01  5.35366E-02
   11680.674    110.698   5.500  9.59193E-01  9.18407E-01  4.39560E-02
   11682.779    112.803   5.550  9.47723E-01  9.17581E-01  3.25370E-02
   11684.903    114.927   5.600  9.35688E-01  9.16754E-01  2.04702E-02
   11687.046    117.070   5.650  9.24634E-01  9.16221E-01  9.10871E-03
   11689.208    119.233   5.700  9.14700E-01  9.15687E-01 -1.07059E-03
   11691.389    121.414   5.750  9.06310E-01  9.15154E-01 -9.60270E-03
   11693.590    123.614   5.800  8.99358E-01  9.14620E-01 -1.65948E-02
   11695.809    125.833   5.850  8.93056E-01  9.14046E-01 -2.28496E-02
   11698.047    128.072   5.900  8.86748E-01  9.13473E-01 -2.91260E-02
   11700.305    130.329   5.950  8.79849E-01  9.12899E-01 -3.60610E-02
   11702.581    132.606   6.000  8.72184E-01  9.12326E-01 -4.38495E-02
   11704.877    134.901   6.050  8.63989E-01  9.11841E-01 -5.23190E-02
   11707.191    137.216   6.100  8.56469E-01  9.11356E-01 -6.00644E-02
   11709.525    139.549   6.150  8.51183E-01  9.10871E-01 -6.53778E-02
   11711.877    141.902   6.200  8.49825E-01  9.10386E-01 -6.63950E-02
   11714.249    144.274   6.250  8.53803E-01  9.09901E-01 -6.15577E-02
   11716.640    146.664   6.300  8.63823E-01  9.09417E-01 -5.00757E-02
   11719.050    149.074   6.350  8.79576E-01  9.08932E-01 -3.22711E-02
   11721.479    151.503   6.400  8.99628E-01  9.08447E-01 -9.70359E-03
   11723.926    153.951   6.450  9.21564E-01  9.07962E-01  1.49806E-02
   11726.393    156.418   6.500  9.42376E-01  9.07477E-01  3.84695E-02
   11728.879    158.904   6.550  9.59283E-01  9.06971E-01  5.77039E-02
   11731.385    161.409   6.600  9.69335E-01  9.06464E-01  6.93971E-02
   11733.909    163.933   6.650  9.71185E-01  9.05958E-01  7.20465E-02
   11736.452    166.476   6.700  9.64998E-01  9.05452E-01  6.58173E-02
   11739.014    169.039   6.750  9.52446E-01  9.04946E-01  5.25387E-02
   11741.595    171.620   6.800  9.36353E-01  9.04439E-01  3.53225E-02
   11744.196    174.220   6.850  9.20078E-01  9.03933E-01  1.78813E-02
   11746.815    176.839   6.900  9.06763E-01  9.03427E-01  3.69757E-03
   11749.453    179.478   6.950  8.98629E-01  9.02920E-01 -4.75940E-03
   11752.111    182.135   7.000  8.96486E-01  9.02414E-01 -6.57955E-03
   11754.787    184.812   7.050  8.99539E-01  9.01838E-01 -2.55268E-03
   11757.483    187.507   7.100  9.05708E-01  9.01261E-01  4.94036E-03
   11760.198    190.222   7.150  9.12028E-01  9.00685E-01  1.26096E-02
   11762.931    192.956   7.200  9.15527E-01  9.00108E-01  1.71503E-02
   11765.684    195.708   7.250  9.13990E-01  8.99532E-01  1.60903E-02
   11768.456    198.480   7.300  9.06510E-01  8.98955E-01  8.41212E-03
   11771.246    201.271   7.350  8.93711E-01  8.98379E-01 -5.20019E-03
   11774.056    204.081   7.400  8.77581E-01  8.97802E-01 -2.25410E-02
   11776.885    206.910   7.450  8.60977E-01  8.97226E-01 -4.04298E-02
   11779.733    209.758   7.500  8.46939E-01  8.96649E-01 -5.54736E-02
   11782.600    212.625   7.550  8.37993E-01  8.96084E-01 -6.48553E-02
   11785.486    215.511   7.600  8.35771E-01  8.95519E-01 -6.67341E-02
   11788.391    218.416   7.650  8.40420E-01  8.94954E-01 -6.09378E-02
   11791.316    221.340   7.700  8.50826E-01  8.94388E-01 -4.87000E-02
   11794.259    224.283   7.750  8.64995E-01  8.93823E-01 -3.22420E-02
   11797.221    227.246   7.800  8.80592E-01  8.93258E-01 -1.41727E-02
   11800.202    230.227   7.850  8.95482E-01  8.92693E-01  3.12185E-03
   11803.203    233.227   7.900  9.08146E-01  8.92128E-01  1.79389E-02
   11806.222    236.247   7.950  9.17864E-01  8.91562E-01  2.94691E-02
   11809.261    239.285   8.000  9.24661E-01  8.90997E-01  3.77340E-02
   11812.318    242.343   8.050  9.29146E-01  8.90453E-01  4.33908E-02
   11815.395    245.419   8.100  9.31860E-01  8.89909E-01  4.70673E-02
   11818.490    248.515   8.150  9.33288E-01  8.89364E-01  4.93025E-02
   11821.605    251.629   8.200  9.33519E-01  8.88820E-01  5.01954E-02
   11824.739    254.763   8.250  9.32222E-01  8.88276E-01  4.93735E-02
   11827.891    257.916   8.300  9.28798E-01  8.87732E-01  4.61590E-02
   11831.063    261.088   8.350  9.22640E-01  8.87187E-01  3.98678E-02
   11834.254    264.279   8.400  9.13433E-01  8.86643E-01  3.01402E-02
   11837.464    267.488   8.450  9.01379E-01  8.86099E-01  1.71987E-02
   11840.693    270.717   8.500  8.87287E-01  8.85555E-01  1.95097E-03
   11843.941    273.965   8.550  8.72371E-01  8.85011E-01 -1.42409E-02
   11847.208    277.233   8.600  8.58402E-01  8.84468E-01 -2.93822E-02
   11850.494    280.519   8.650  8.47043E-01  8.83925E-01 -4.15952E-02
   11853.799    283.824   8.700  8.39587E-01  8.83381E-01 -4.94162E-02
   11857.123    287.148   8.750  8.36684E-01  8.82838E-01 -5.21045E-02
   11860.467    290.491   8.800  8.38213E-01  8.82295E-01 -4.97902E-02
   11863.829    293.854   8.850  8.43327E-01  8.81751E-01 -4.34220E-02
   11867.210    297.235   8.900  8.50669E-01  8.81208E-01 -3.45282E-02
   11870.611    300.635   8.950  8.58697E-01  8.80665E-01 -2.48506E-02
   11874.030    304.055   9.000  8.66037E-01  8.80121E-01 -1.59398E-02
   11877.469    307.493   9.050  8.71672E-01  8.79463E-01 -8.82307E-03
   11880.926    310.951   9.100  8.75468E-01  8.78804E-01 -3.78118E-03
   11884.403    314.427   9.150  8.77832E-01  8.78146E-01 -3.56205E-04
   11887.899    317.923   9.200  8.79651E-01  8.77487E-01  2.45573E-03
   11891.413    321.438   9.250  8.81978E-01  8.76829E-01  5.84687E-03
   11894.947    324.972   9.300  8.85661E-01  8.76170E-01  1.07830E-02
   11898.500    328.524   9.350  8.91033E-01  8.75512E-01  1.76462E-02
   11902.072    332.096   9.400  8.97739E-01  8.74853E-01  2.60366E-02
   11905.663    335.687   9.450  9.04762E-01  8.74195E-01  3.47970E-02
   11909.273    339.297   9.500  9.10634E-01  8.73536E-01  4.22589E-02
   11912.902    342.926   9.550  9.13887E-01  8.72815E-01  4.68223E-02
   11916.550    346.574   9.600  9.13172E-01  8.72093E-01  4.68666E-02
   11920.217    350.241   9.650  9.07869E-01  8.71372E-01  4.16711E-02
   11923.903    353.927   9.700  8.98226E-01  8.70651E-01  3.15090E-02
   11927.608    357.633   9.750  8.85348E-01  8.69929E-01  1.76325E-02
   11931.332    361.357   9.800  8.70966E-01  8.69208E-01  2.01173E-03
   11935.076    365.100   9.850  8.57049E-01  8.68487E-01 -1.31000E-02
   11938.838    368.863   9.900  8.45383E-01  8.67765E-01 -2.56559E-02
   11942.619    372.644   9.950  8.37205E-01  8.67044E-01 -3.42294E-02
   11946.420    376.444  10.000  8.33007E-01  8.66323E-01 -3.82477E-02
   11950.239    380.264  10.050  8.32353E-01  8.65529E-01 -3.81211E-02
   11954.078    384.103  10.100  8.34612E-01  8.64736E-01 -3.46440E-02
   11957.936    387.960  10.150  8.38661E-01  8.63942E-01 -2.91011E-02
   11961.812    391.837  10.200  8.43342E-01  8.63148E-01 -2.28194E-02
   11965.708    395.732  10.250  8.47712E-01  8.62355E-01 -1.68847E-02
   11969.623    399.647  10.300  8.51183E-01  8.61561E-01 -1.19786E-02
   11973.557    403.581  10.350  8.53539E-01  8.60768E-01 -8.35087E-03
   11977.509    407.534  10.400  8.54874E-01  8.59974E-01 -5.89686E-03
   11981.481    411.506  10.450  8.55481E-01  8.59180E-01 -4.28170E-03
   11985.472    415.497  10.500  8.55751E-01  8.58387E-01 -3.05348E-03
   11989.482    419.507  10.550  8.56115E-01  8.57593E-01 -1.71319E-03
   11993.511    423.536  10.600  8.57019E-01  8.56800E-01  2.54505E-04
   11997.559    427.584  10.650  8.58895E-01  8.56006E-01  3.35532E-03
   12001.627    431.651  10.700  8.62112E-01  8.55212E-01  8.02103E-03
   12005.713    435.737  10.750  8.66866E-01  8.54419E-01  1.44823E-02
   12009.818    439.843  10.800  8.73026E-01  8.53625E-01  2.25933E-02
   12013.942    443.967  10.850  8.79999E-01  8.52832E-01  3.16668E-02
   12018.086    448.110  10.900  8.86670E-01  8.52038E-01  4.04037E-02
   12022.248    452.273  10.950  8.91490E-01  8.51244E-01  4.69953E-02
   12026.430    456.454  11.000  8.92745E-01  8.50451E-01  4.94322E-02
   12030.630    460.655  11.050  8.89082E-01  8.49613E-01  4.61775E-02
   12034.850    464.874  11.100  8.79561E-01  8.48775E-01  3.60563E-02
   12039.088    469.113  11.150  8.64436E-01  8.47936E-01  1.93440E-02
   12043.346    473.370  11.200  8.45216E-01  8.47098E-01 -2.20891E-03
   12047.623    477.647  11.250  8.24523E-01  8.46260E-01 -2.55368E-02
   12051.918    481.943  11.300  8.05624E-01  8.45422E-01 -4.68018E-02
   12056.233    486.258  11.350  7.91734E-01  8.44584E-01 -6.22144E-02
   12060.567    490.592  11.400  7.85251E-01  8.43746E-01 -6.89306E-02
   12064.920    494.944  11.450  7.87144E-01  8.42908E-01 -6.57800E-02
   12069.292    499.316  11.500  7.96671E-01  8.42070E-01 -5.36088E-02
   12073.683    503.707  11.550  8.11524E-01  8.41232E-01 -3.51168E-02
   12078.093    508.117  11.600  8.28382E-01  8.40394E-01 -1.42128E-02
   12082.522    512.547  11.650  8.43734E-01  8.39555E-01  4.94903E-03
   12086.970    516.995  11.700  8.54733E-01  8.38717E-01  1.89899E-02
   12091.437    521.462  11.750  8.59869E-01  8.37879E-01  2.61014E-02
   12095.924    525.948  11.800  8.59255E-01  8.37041E-01  2.63942E-02
   12100.429    530.453  11.850  8.54456E-01  8.36203E-01  2.17102E-02
   12104.953    534.978  11.900  8.47934E-01  8.35365E-01  1.49659E-02
   12109.497    539.521  11.950  8.42271E-01  8.34527E-01  9.23046E-03
   12114.059    544.084  12.000  8.39401E-01  8.33689E-01  6.81529E-03
   12118.641    548.665  12.050  8.40003E-01  8.32760E-01  8.65161E-03
   12123.241    553.266  12.100  8.43615E-01  8.31832E-01  1.40918E-02
   12127.861    557.885  12.150  8.48627E-01  8.30903E-01  2.12196E-02
   12132.499    562.524  12.200  8.52907E-01  8.29975E-01  2.74863E-02
   12137.157    567.182  12.250  8.54474E-01  8.29046E-01  3.05124E-02
   12141.834    571.858  12.300  8.52088E-01  8.28118E-01  2.87968E-02
   12146.530    576.554  12.350  8.45586E-01  8.27189E-01  2.21264E-02
   12151.245    581.269  12.400  8.35880E-01  8.26261E-01  1.15825E-02
   12155.978    586.003  12.450  8.24643E-01  8.25332E-01 -8.30177E-04
   12160.731    590.756  12.500  8.13803E-01  8.24404E-01 -1.27937E-02
   12165.503    595.528  12.550  8.04998E-01  8.23475E-01 -2.23244E-02
   12170.294    600.319  12.600  7.99184E-01  8.22546E-01 -2.82600E-02
   12175.105    605.129  12.650  7.96473E-01  8.21618E-01 -3.04506E-02
   12179.934    609.958  12.700  7.96254E-01  8.20689E-01 -2.96255E-02
   12184.782    614.806  12.750  7.97512E-01  8.19761E-01 -2.70066E-02
   12189.649    619.674  12.800  7.99233E-01  8.18832E-01 -2.38177E-02
   12194.535    624.560  12.850  8.00758E-01  8.17904E-01 -2.08597E-02
   12199.441    629.465  12.900  8.01963E-01  8.16975E-01 -1.82861E-02
   12204.365    634.390  12.950  8.03222E-01  8.16047E-01 -1.56395E-02
   12209.309    639.333  13.000  8.05190E-01  8.15118E-01 -1.21213E-02
   12214.271    644.296  13.050  8.08396E-01  8.14137E-01 -7.01779E-03
   12219.253    649.277  13.100  8.13136E-01  8.13155E-01 -2.37393E-05
   12224.253    654.278  13.150  8.19121E-01  8.12174E-01  8.51365E-03
   12229.273    659.298  13.200  8.25527E-01  8.11193E-01  1.75894E-02
   12234.312    664.336  13.250  8.31174E-01  8.10211E-01  2.57567E-02
   12239.369    669.394  13.300  8.34837E-01  8.09230E-01  3.15035E-02
   12244.446    674.471  13.350  8.35586E-01  8.08248E-01  3.36750E-02
   12249.542    679.567  13.400  8.33061E-01  8.07267E-01  3.18155E-02
   12254.657    684.682  13.450  8.27603E-01  8.06285E-01  2.63269E-02
   12259.791    689.815  13.500  8.20179E-01  8.05304E-01  1.83944E-02
   12264.944    694.968  13.550  8.12152E-01  8.04323E-01  9.69455E-03
   12270.116    700.141  13.600  8.04927E-01  8.03341E-01  1.96608E-03
   12275.307    705.332  13.650  7.99586E-01  8.02360E-01 -3.44305E-03
   12280.517    710.542  13.700  7.96610E-01  8.01378E-01 -5.92755E-03
   12285.746    715.771  13.750  7.95754E-01  8.00397E-01 -5.77870E-03
   12290.995    721.019  13.800  7.96130E-01  7.99415E-01 -4.09403E-03
   12296.262    726.287  13.850  7.96462E-01  7.98434E-01 -2.46075E-03
   12301.548    731.573  13.900  7.95459E-01  7.97453E-01 -2.49132E-03
   12306.854    736.878  13.950  7.92210E-01  7.96471E-01 -5.33092E-03
   12312.178    742.203  14.000  7.86495E-01  7.95490E-01 -1.12687E-02
   12317.522    747.546  14.050  7.78858E-01  7.94493E-01 -1.96134E-02
   12322.884    752.909  14.100  7.70736E-01  7.93496E-01 -2.85888E-02
   12328.266    758.290  14.150  7.63928E-01  7.92499E-01 -3.59370E-02
   12333.667    763.691  14.200  7.60215E-01  7.91502E-01 -3.94062E-02
   12339.086    769.111  14.250  7.60901E-01  7.90505E-01 -3.73377E-02
   12344.525    774.549  14.300  7.66435E-01  7.89509E-01 -2.91397E-02
   12349.983    780.007  14.350  7.76240E-01  7.88512E-01 -1.55186E-02
   12355.460    785.484  14.400  7.88778E-01  7.87515E-01  1.60021E-03
   12360.956    790.980  14.450  8.01858E-01  7.86518E-01  1.94528E-02
   12366.470    796.495  14.500  8.13107E-01  7.85521E-01  3.50287E-02
   12372.004    802.029  14.550  8.20488E-01  7.84524E-01  4.57288E-02
   12377.558    807.582  14.600  8.22736E-01  7.83527E-01  4.99232E-02
   12383.130    813.154  14.650  8.19606E-01  7.82530E-01  4.72721E-02
   12388.721    818.745  14.700  8.11871E-01  7.81533E-01  3.87333E-02
   12394.331    824.355  14.750  8.01083E-01  7.80537E-01  2.62690E-02
   12399.960    829.985  14.800  7.89178E-01  7.79540E-01  1.23394E-02
   12405.609    835.633  14.850  7.78018E-01  7.78543E-01 -6.72209E-04
   12411.276    841.300  14.900  7.69015E-01  7.77546E-01 -1.09515E-02
   12416.962    846.987  14.950  7.62901E-01  7.76549E-01 -1.75457E-02
   12422.668    852.692  15.000  7.59702E-01  7.75552E-01 -2.04044E-02
   12428.392    858.417  15.050  7.58897E-01  7.74505E-01 -2.01207E-02
   12434.136    864.160  15.100  7.59619E-01  7.73457E-01 -1.78647E-02
   12439.898    869.923  15.150  7.60977E-01  7.72410E-01 -1.47804E-02
   12445.680    875.705  15.200  7.62269E-01  7.71362E-01 -1.17730E-02
   12451.481    881.505  15.250  7.63078E-01  7.70315E-01 -9.38303E-03
   12457.300    887.325  15.300  7.63253E-01  7.69267E-01 -7.80901E-03
   12463.139    893.164  15.350  7.62816E-01  7.68220E-01 -7.02626E-03
   12468.997    899.022  15.400  7.61857E-01  7.67172E-01 -6.92027E-03
   12474.874    904.899  15.450  7.60477E-01  7.66125E-01 -7.36422E-03
   12480.770    910.794  15.500  7.58791E-01  7.65077E-01 -8.20865E-03
   12486.685    916.709  15.550  7.56992E-01  7.64030E-01 -9.20353E-03
   12492.619    922.643  15.600  7.55412E-01  7.62982E-01 -9.91407E-03
   12498.572    928.597  15.650  7.54535E-01  7.61935E-01 -9.70463E-03
   12504.544    934.569  15.700  7.54916E-01  7.60888E-01 -7.84201E-03
   12510.535    940.560  15.750  7.57013E-01  7.59840E-01 -3.71791E-03
   12516.546    946.570  15.800  7.60971E-01  7.58793E-01  2.86938E-03
   12522.575    952.599  15.850  7.66446E-01  7.57745E-01  1.14773E-02
   12528.623    958.648  15.900  7.72546E-01  7.56698E-01  2.09353E-02
   12534.691    964.715  15.950  7.77941E-01  7.55650E-01  2.94881E-02
   12540.777    970.802  16.000  7.81147E-01  7.54603E-01  3.51657E-02
   12546.883    976.907  16.050  7.80853E-01  7.53548E-01  3.62248E-02
   12553.007    983.032  16.100  7.76479E-01  7.52494E-01  3.18669E-02
   12559.151    989.175  16.150  7.68315E-01  7.51439E-01  2.24533E-02
   12565.313    995.338  16.200  7.57541E-01  7.50385E-01  9.53505E-03
   12571.495   1001.520  16.250  7.45982E-01  7.49331E-01 -4.46831E-03
   12577.696   1007.720  16.300  7.35661E-01  7.48276E-01 -1.68575E-02
   12583.916   1013.940  16.350  7.28280E-01  7.47222E-01 -2.53486E-02
   12590.155   1020.179  16.400  7.24774E-01  7.46167E-01 -2.86703E-02
   12596.412   1026.437  16.450  7.25086E-01  7.45113E-01 -2.68789E-02
   12602.689   1032.714  16.500  7.28216E-01  7.44059E-01 -2.12929E-02
   12608.985   1039.010  16.550  7.32557E-01  7.43004E-01 -1.40621E-02
   12615.300   1045.325  16.600  7.36384E-01  7.41950E-01 -7.50279E-03
   12621.634   1051.659  16.650  7.38373E-01  7.40895E-01 -3.40498E-03
   12627.988   1058.012  16.700  7.37973E-01  7.39841E-01 -2.52473E-03
   12634.360   1064.384  16.750  7.35525E-01  7.38787E-01 -4.41602E-03
   12640.751   1070.776  16.800  7.32093E-01  7.37732E-01 -7.64597E-03
   12647.161   1077.186  16.850  7.29082E-01  7.36678E-01 -1.03147E-02
   12653.591   1083.615  16.900  7.27751E-01  7.35623E-01 -1.07052E-02
   12660.039   1090.064  16.950  7.28804E-01  7.34569E-01 -7.85148E-03
   12666.507   1096.531  17.000  7.32162E-01  7.33514E-01 -1.84527E-03
   12672.993   1103.018  17.050  7.36972E-01  7.32409E-01  6.23215E-03
   12679.499   1109.523  17.100  7.42006E-01  7.31304E-01  1.46386E-02
   12686.023   1116.048  17.150  7.45892E-01  7.30199E-01  2.14986E-02
   12692.567   1122.591  17.200  7.47600E-01  7.29094E-01  2.53891E-02
   12699.130   1129.154  17.250  7.46713E-01  7.27989E-01  2.57273E-02
   12705.711   1135.736  17.300  7.43499E-01  7.26884E-01  2.28635E-02
   12712.312   1142.337  17.350  7.38745E-01  7.25779E-01  1.78688E-02
   12718.932   1148.956  17.400  7.33447E-01  7.24674E-01  1.21086E-02
   12725.571   1155.595  17.450  7.28460E-01  7.23569E-01  6.76024E-03
   12732.229   1162.253  17.500  7.24232E-01  7.22464E-01  2.44774E-03
   12738.906   1168.930  17.550  7.20720E-01  7.21359E-01 -8.85774E-04
   12745.602   1175.626  17.600  7.17493E-01  7.20254E-01 -3.83299E-03
   12752.317   1182.341  17.650  7.13992E-01  7.19149E-01 -7.16983E-03
   12759.051   1189.076  17.700  7.09834E-01  7.18043E-01 -1.14321E-02
   12765.804   1195.829  17.750  7.05048E-01  7.16938E-01 -1.65823E-02
   12772.576   1202.601  17.800  7.00159E-01  7.15833E-01 -2.18936E-02
   12779.368   1209.392  17.850  6.96069E-01  7.14728E-01 -2.61022E-02
   12786.178   1216.203  17.900  6.93791E-01  7.13623E-01 -2.77845E-02
   12793.007   1223.032  17.950  6.94104E-01  7.12518E-01 -2.58369E-02
   12799.856   1229.880  18.000  6.97252E-01  7.11413E-01 -1.98991E-02
   12806.723   1236.748  18.050  7.02806E-01  7.10330E-01 -1.05885E-02
   12813.610   1243.634  18.100  7.09647E-01  7.09247E-01  5.64311E-04
   12820.516   1250.540  18.150  7.16305E-01  7.08164E-01  1.14912E-02
   12827.440   1257.465  18.200  7.21287E-01  7.07081E-01  2.00820E-02
   12834.384   1264.408  18.250  7.23462E-01  7.05998E-01  2.47253E-02
   12841.347   1271.371  18.300  7.22351E-01  7.04915E-01  2.47232E-02
   12848.328   1278.353  18.350  7.18243E-01  7.03832E-01  2.04642E-02
   12855.329   1285.354  18.400  7.12107E-01  7.02749E-01  1.33092E-02
   12862.349   1292.374  18.450  7.05336E-01  7.01666E-01  5.22821E-03
   12869.388   1299.413  18.500  6.99383E-01  7.00583E-01 -1.71128E-03
   12876.446   1306.471  18.550  6.95396E-01  6.99500E-01 -5.86406E-03
   12883.523   1313.548  18.600  6.93943E-01  6.98417E-01 -6.40181E-03
   12890.619   1320.644  18.650  6.94900E-01  6.97334E-01 -3.48811E-03
   12897.734   1327.759  18.700  6.97505E-01  6.96251E-01  1.79938E-03
   12904.869   1334.893  18.750  7.00572E-01  6.95168E-01  7.76785E-03
   12912.022   1342.046  18.800  7.02800E-01  6.94085E-01  1.25459E-02
   12919.194   1349.219  18.850  7.03091E-01  6.93002E-01  1.45470E-02
   12926.385   1356.410  18.900  7.00817E-01  6.91919E-01  1.28499E-02
   12933.596   1363.620  18.950  6.95962E-01  6.90836E-01  7.41334E-03
   12940.825   1370.850  19.000  6.89120E-01  6.89753E-01 -9.16772E-04
   12948.074   1378.098  19.050  6.81374E-01  6.88682E-01 -1.06027E-02
   12955.341   1385.366  19.100  6.74032E-01  6.87612E-01 -1.97317E-02
   12962.628   1392.652  19.150  6.68345E-01  6.86541E-01 -2.64822E-02
   12969.934   1399.958  19.200  6.65239E-01  6.85470E-01 -2.94906E-02
   12977.258   1407.283  19.250  6.65130E-01  6.84400E-01 -2.81327E-02
   12984.602   1414.626  19.300  6.67847E-01  6.83329E-01 -2.26386E-02
   12991.965   1421.989  19.350  6.72684E-01  6.82258E-01 -1.40228E-02
   12999.347   1429.371  19.400  6.78565E-01  6.81187E-01 -3.84763E-03
   13006.747   1436.772  19.450  6.84285E-01  6.80117E-01  6.12355E-03
   13014.167   1444.192  19.500  6.88764E-01  6.79046E-01  1.43010E-02
   13021.606   1451.631  19.550  6.91263E-01  6.77975E-01  1.95859E-02
   13029.064   1459.089  19.600  6.91508E-01  6.76905E-01  2.15584E-02
   13036.542   1466.566  19.650  6.89696E-01  6.75834E-01  2.04969E-02
   13044.038   1474.062  19.700  6.86399E-01  6.74763E-01  1.72334E-02
   13051.553   1481.577  19.750  6.82382E-01  6.73693E-01  1.28902E-02
   13059.087   1489.112  19.800  6.78392E-01  6.72622E-01  8.57324E-03
   13066.640   1496.665  19.850  6.74981E-01  6.71551E-01  5.10438E-03
   13074.213   1504.237  19.900  6.72400E-01  6.70481E-01  2.86104E-03
   13081.804   1511.829  19.950  6.70586E-01  6.69410E-01  1.75642E-03
   13089.415   1519.439  20.000  6.69243E-01  6.68339E-01  1.35142E-03
