 Structure from AMSCIFDB, AMS_ID: 11145         Feff8L (EXAFS)       0.1
 Mineral Name: Copper
 Journal: Crystal Structures 1, pp. 7-83 (1963)
 Authors: Wyckoff R W G
 Title1:  Second edition. Interscience Publishers, New York, New York
 Title2:  Cubic closest packed, ccp, structure
 Formula:    Cu
 SpaceGroup: Fm-3m
 # sites:    1
 POT  Non-SCF, core-hole, AFOLP (folp(0)= 1.150)
 Abs   Z=29 Rmt= 1.451 Rnm= 1.504 K  shell
 Pot 1 Z=29 Rmt= 1.356 Rnm= 1.393
 Gam_ch=1.729E+00 H-L exch
 Mu=-3.774E+00 kf=1.821E+00 Vint=-1.641E+01 Rs_int= 1.991
 PATH  Rmax= 7.000,  Keep_limit= 0.00, Heap_limit 0.00  Pwcrit= 2.50%
 Path   21      icalc       2
 -----------------------------------------------------------------------
   3  96.000   6.0479    2.6349   -3.77422 nleg, deg, reff, rnrmav(bohr), edge
        x         y         z   pot at#
    -0.0000   -0.0000   -0.0000  0  29 Cu       absorbing atom
    -0.0000   -3.6150    3.6150  1  29 Cu
    -1.8075   -3.6150    1.8075  1  29 Cu
    k   real[2*phc]   mag[feff]  phase[feff] red factor   lambda     real[p]@#
  0.000  3.9599E+00  1.3983E-05 -6.1340E+00  9.914E-01  1.6062E+01  1.8225E+00
  0.100  3.9602E+00  7.0548E-03 -7.3010E+00  9.916E-01  1.6085E+01  1.8251E+00
  0.200  3.9612E+00  1.3549E-02 -8.3918E+00  9.923E-01  1.6152E+01  1.8330E+00
  0.300  3.9626E+00  1.9031E-02 -9.4076E+00  9.934E-01  1.6258E+01  1.8460E+00
  0.400  3.9643E+00  2.3239E-02 -1.0354E+01  9.949E-01  1.6393E+01  1.8642E+00
  0.500  3.9657E+00  2.6123E-02 -1.1237E+01  9.969E-01  1.6543E+01  1.8873E+00
  0.600  3.9666E+00  2.7804E-02 -1.2061E+01  9.992E-01  1.6694E+01  1.9151E+00
  0.700  3.9663E+00  2.8510E-02 -1.2832E+01  1.002E+00  1.6828E+01  1.9476E+00
  0.800  3.9645E+00  2.8499E-02 -1.3551E+01  1.005E+00  1.6926E+01  1.9845E+00
  0.900  3.9605E+00  2.8015E-02 -1.4221E+01  1.008E+00  1.6971E+01  2.0257E+00
  1.000  3.9539E+00  2.7264E-02 -1.4842E+01  1.012E+00  1.6949E+01  2.0709E+00
  1.100  3.9441E+00  2.6410E-02 -1.5416E+01  1.016E+00  1.6848E+01  2.1201E+00
  1.200  3.9306E+00  2.5584E-02 -1.5944E+01  1.021E+00  1.6665E+01  2.1732E+00
  1.300  3.9130E+00  2.4892E-02 -1.6425E+01  1.025E+00  1.6401E+01  2.2300E+00
  1.400  3.8908E+00  2.4421E-02 -1.6863E+01  1.031E+00  1.6066E+01  2.2904E+00
  1.500  3.8635E+00  2.4243E-02 -1.7260E+01  1.037E+00  1.5674E+01  2.3544E+00
  1.600  3.8308E+00  2.4401E-02 -1.7620E+01  1.043E+00  1.5244E+01  2.4221E+00
  1.700  3.7922E+00  2.4928E-02 -1.7948E+01  1.049E+00  1.4799E+01  2.4935E+00
  1.800  3.7472E+00  2.5813E-02 -1.8248E+01  1.056E+00  1.4364E+01  2.5686E+00
  1.900  3.6954E+00  2.7024E-02 -1.8524E+01  1.062E+00  1.3965E+01  2.6476E+00
  2.000  3.6363E+00  2.8503E-02 -1.8776E+01  1.067E+00  1.3630E+01  2.7307E+00
  2.200  3.4669E+00  3.1513E-02 -1.9133E+01  1.067E+00  1.3265E+01  2.9223E+00
  2.400  3.3448E+00  4.8135E-02 -1.9570E+01  1.239E+00  7.2013E+00  3.0974E+00
  2.600  3.3337E+00  5.4983E-02 -2.0362E+01  1.288E+00  6.1342E+00  3.2283E+00
  2.800  3.2993E+00  6.1281E-02 -2.1131E+01  1.306E+00  5.6465E+00  3.3669E+00
  3.000  3.2439E+00  6.6027E-02 -2.1866E+01  1.308E+00  5.4417E+00  3.5138E+00
  3.200  3.1774E+00  7.0585E-02 -2.2553E+01  1.291E+00  5.3824E+00  3.6667E+00
  3.400  3.1021E+00  7.4641E-02 -2.3195E+01  1.274E+00  5.4119E+00  3.8252E+00
  3.600  3.0213E+00  7.9281E-02 -2.3782E+01  1.251E+00  5.5017E+00  3.9884E+00
  3.800  2.9344E+00  8.2585E-02 -2.4317E+01  1.230E+00  5.6355E+00  4.1560E+00
  4.000  2.8435E+00  8.6009E-02 -2.4799E+01  1.210E+00  5.8034E+00  4.3272E+00
  4.200  2.7503E+00  8.8368E-02 -2.5235E+01  1.191E+00  5.9986E+00  4.5016E+00
  4.400  2.6540E+00  8.9816E-02 -2.5623E+01  1.171E+00  6.2167E+00  4.6789E+00
  4.600  2.5553E+00  9.0443E-02 -2.5975E+01  1.153E+00  6.4544E+00  4.8587E+00
  4.800  2.4548E+00  8.9719E-02 -2.6288E+01  1.138E+00  6.7092E+00  5.0406E+00
  5.000  2.3531E+00  8.8133E-02 -2.6568E+01  1.120E+00  6.9792E+00  5.2243E+00
  5.200  2.2506E+00  8.5480E-02 -2.6821E+01  1.104E+00  7.2630E+00  5.4098E+00
  5.400  2.1479E+00  8.1850E-02 -2.7045E+01  1.090E+00  7.5594E+00  5.5966E+00
  5.600  2.0464E+00  7.7584E-02 -2.7248E+01  1.076E+00  7.8674E+00  5.7847E+00
  5.800  1.9465E+00  7.2560E-02 -2.7432E+01  1.064E+00  8.1862E+00  5.9740E+00
  6.000  1.8482E+00  6.7289E-02 -2.7596E+01  1.052E+00  8.5152E+00  6.1642E+00
  6.500  1.6123E+00  5.3543E-02 -2.7942E+01  1.028E+00  9.3787E+00  6.6433E+00
  7.000  1.3871E+00  4.0745E-02 -2.8204E+01  1.010E+00  1.0296E+01  7.1264E+00
  7.500  1.1697E+00  2.9694E-02 -2.8389E+01  9.961E-01  1.1261E+01  7.6127E+00
  8.000  9.5490E-01  2.0403E-02 -2.8506E+01  9.839E-01  1.2272E+01  8.1012E+00
  8.500  7.5252E-01  1.3054E-02 -2.8537E+01  9.736E-01  1.3324E+01  8.5917E+00
  9.000  5.6258E-01  7.6143E-03 -2.8413E+01  9.653E-01  1.4416E+01  9.0836E+00
  9.500  3.8329E-01  4.7357E-03 -2.7944E+01  9.581E-01  1.5546E+01  9.5766E+00
 10.000  2.0953E-01  4.8687E-03 -2.7385E+01  9.504E-01  1.6713E+01  1.0071E+01
 11.000 -1.2702E-01  6.6144E-03 -2.7124E+01  9.357E-01  1.9148E+01  1.1061E+01
 12.000 -4.3664E-01  6.7941E-03 -2.7123E+01  9.269E-01  2.1714E+01  1.2053E+01
 13.000 -7.2501E-01  6.5950E-03 -2.7125E+01  9.225E-01  2.4402E+01  1.3047E+01
 14.000 -9.9065E-01  6.4827E-03 -2.7173E+01  9.202E-01  2.7205E+01  1.4042E+01
 15.000 -1.2366E+00  6.3108E-03 -2.7284E+01  9.199E-01  3.0118E+01  1.5038E+01
 16.000 -1.4662E+00  5.8858E-03 -2.7448E+01  9.203E-01  3.3136E+01  1.6035E+01
 17.000 -1.6790E+00  5.2552E-03 -2.7617E+01  9.215E-01  3.6255E+01  1.7032E+01
 18.000 -1.8787E+00  4.6439E-03 -2.7780E+01  9.230E-01  3.9470E+01  1.8030E+01
 19.000 -2.0650E+00  4.0673E-03 -2.7936E+01  9.246E-01  4.2777E+01  1.9027E+01
 20.000 -2.2401E+00  3.6158E-03 -2.8075E+01  9.264E-01  4.6174E+01  2.0026E+01
