 Structure from AMSCIFDB, AMS_ID: 4105681       Feff8L (EXAFS)       0.1
 Mineral Name: <missing>
 Journal: Journal of the American Chemical Society 133, pp. 2691-2705 (2011)
 Authors: Catherine F. Smura, Dinah R. Parker, Mohamed Zbiri, Mark R. Johnson, Z
 Title1:   High-Spin Cobalt(II) Ions in Square Planar Coordination: Structures a
 Formula:    Cu
 SpaceGroup: Fm-3m
 # sites:    1
 POT  Non-SCF, core-hole, AFOLP (folp(0)= 1.150)
 Abs   Z=29 Rmt= 1.451 Rnm= 1.504 K  shell
 Pot 1 Z=29 Rmt= 1.356 Rnm= 1.394
 Gam_ch=1.729E+00 H-L exch
 Mu=-3.773E+00 kf=1.821E+00 Vint=-1.641E+01 Rs_int= 1.991
 PATH  Rmax= 8.000,  Keep_limit= 0.00, Heap_limit 0.00  Pwcrit= 2.50%
 Path   69      icalc       2
 -----------------------------------------------------------------------
   3  96.000   7.9711    2.6346   -3.77315 nleg, deg, reff, rnrmav(bohr), edge
        x         y         z   pot at#
    -0.0000   -0.0000   -0.0000  0  29 Cu       absorbing atom
     1.8077    1.8077    7.2308  1  29 Cu
    -0.0000    1.8077    5.4231  1  29 Cu
    k   real[2*phc]   mag[feff]  phase[feff] red factor   lambda     real[p]@#
 -0.000  3.9601E+00  1.3022E-05 -3.2824E+00  9.913E-01  1.6060E+01  1.8222E+00
  0.100  3.9605E+00  2.0187E-02 -4.8252E+00  9.916E-01  1.6083E+01  1.8249E+00
  0.200  3.9614E+00  3.8911E-02 -6.2642E+00  9.923E-01  1.6150E+01  1.8327E+00
  0.300  3.9629E+00  5.4993E-02 -7.6053E+00  9.934E-01  1.6256E+01  1.8458E+00
  0.400  3.9645E+00  6.7747E-02 -8.8555E+00  9.949E-01  1.6390E+01  1.8639E+00
  0.500  3.9660E+00  7.7039E-02 -1.0023E+01  9.968E-01  1.6541E+01  1.8870E+00
  0.600  3.9668E+00  8.3193E-02 -1.1115E+01  9.991E-01  1.6692E+01  1.9149E+00
  0.700  3.9666E+00  8.6806E-02 -1.2139E+01  1.002E+00  1.6826E+01  1.9474E+00
  0.800  3.9648E+00  8.8553E-02 -1.3099E+01  1.005E+00  1.6924E+01  1.9843E+00
  0.900  3.9608E+00  8.9050E-02 -1.4001E+01  1.008E+00  1.6969E+01  2.0255E+00
  1.000  3.9542E+00  8.8788E-02 -1.4846E+01  1.012E+00  1.6946E+01  2.0707E+00
  1.100  3.9444E+00  8.8118E-02 -1.5637E+01  1.016E+00  1.6846E+01  2.1199E+00
  1.200  3.9309E+00  8.7274E-02 -1.6375E+01  1.021E+00  1.6663E+01  2.1730E+00
  1.300  3.9133E+00  8.6392E-02 -1.7061E+01  1.025E+00  1.6399E+01  2.2298E+00
  1.400  3.8911E+00  8.5542E-02 -1.7696E+01  1.031E+00  1.6064E+01  2.2902E+00
  1.500  3.8638E+00  8.4744E-02 -1.8280E+01  1.037E+00  1.5672E+01  2.3543E+00
  1.600  3.8311E+00  8.3985E-02 -1.8813E+01  1.043E+00  1.5242E+01  2.4219E+00
  1.700  3.7925E+00  8.3225E-02 -1.9294E+01  1.049E+00  1.4797E+01  2.4933E+00
  1.800  3.7475E+00  8.2408E-02 -1.9723E+01  1.056E+00  1.4362E+01  2.5684E+00
  1.900  3.6957E+00  8.1460E-02 -2.0097E+01  1.062E+00  1.3964E+01  2.6474E+00
  2.000  3.6366E+00  8.0248E-02 -2.0414E+01  1.067E+00  1.3628E+01  2.7305E+00
  2.200  3.4670E+00  7.7666E-02 -2.0750E+01  1.067E+00  1.3265E+01  2.9222E+00
  2.400  3.3451E+00  8.5709E-02 -2.1169E+01  1.239E+00  7.1986E+00  3.0972E+00
  2.600  3.3341E+00  7.4579E-02 -2.2279E+01  1.289E+00  6.1330E+00  3.2281E+00
  2.800  3.2996E+00  6.2549E-02 -2.3329E+01  1.306E+00  5.6459E+00  3.3667E+00
  3.000  3.2442E+00  5.1394E-02 -2.4337E+01  1.308E+00  5.4413E+00  3.5136E+00
  3.200  3.1777E+00  4.4149E-02 -2.5351E+01  1.291E+00  5.3822E+00  3.6666E+00
  3.400  3.1023E+00  4.1968E-02 -2.6330E+01  1.274E+00  5.4119E+00  3.8251E+00
  3.600  3.0215E+00  4.5219E-02 -2.7192E+01  1.251E+00  5.5018E+00  3.9883E+00
  3.800  2.9346E+00  5.0835E-02 -2.7887E+01  1.230E+00  5.6356E+00  4.1558E+00
  4.000  2.8437E+00  5.6882E-02 -2.8446E+01  1.210E+00  5.8035E+00  4.3270E+00
  4.200  2.7505E+00  6.1929E-02 -2.8905E+01  1.191E+00  5.9989E+00  4.5015E+00
  4.400  2.6542E+00  6.5575E-02 -2.9287E+01  1.171E+00  6.2170E+00  4.6788E+00
  4.600  2.5555E+00  6.8022E-02 -2.9623E+01  1.153E+00  6.4548E+00  4.8586E+00
  4.800  2.4550E+00  6.9044E-02 -2.9914E+01  1.138E+00  6.7096E+00  5.0405E+00
  5.000  2.3532E+00  6.9407E-02 -3.0179E+01  1.120E+00  6.9797E+00  5.2243E+00
  5.200  2.2508E+00  6.9286E-02 -3.0424E+01  1.104E+00  7.2636E+00  5.4097E+00
  5.400  2.1481E+00  6.8459E-02 -3.0648E+01  1.090E+00  7.5600E+00  5.5965E+00
  5.600  2.0465E+00  6.7463E-02 -3.0861E+01  1.076E+00  7.8680E+00  5.7847E+00
  5.800  1.9467E+00  6.6117E-02 -3.1065E+01  1.064E+00  8.1869E+00  5.9739E+00
  6.000  1.8483E+00  6.4537E-02 -3.1259E+01  1.051E+00  8.5160E+00  6.1641E+00
  6.500  1.6124E+00  5.9900E-02 -3.1735E+01  1.028E+00  9.3796E+00  6.6432E+00
  7.000  1.3872E+00  5.5571E-02 -3.2199E+01  1.010E+00  1.0297E+01  7.1264E+00
  7.500  1.1697E+00  5.2426E-02 -3.2640E+01  9.961E-01  1.1262E+01  7.6126E+00
  8.000  9.5498E-01  4.9923E-02 -3.3043E+01  9.839E-01  1.2273E+01  8.1012E+00
  8.500  7.5260E-01  4.8068E-02 -3.3402E+01  9.736E-01  1.3326E+01  8.5916E+00
  9.000  5.6266E-01  4.5950E-02 -3.3718E+01  9.653E-01  1.4418E+01  9.0835E+00
  9.500  3.8337E-01  4.3415E-02 -3.3994E+01  9.581E-01  1.5548E+01  9.5766E+00
 10.000  2.0960E-01  4.0269E-02 -3.4232E+01  9.503E-01  1.6715E+01  1.0071E+01
 11.000 -1.2696E-01  3.2763E-02 -3.4600E+01  9.357E-01  1.9151E+01  1.1061E+01
 12.000 -4.3659E-01  2.5783E-02 -3.4839E+01  9.269E-01  2.1716E+01  1.2053E+01
 13.000 -7.2496E-01  2.0624E-02 -3.4980E+01  9.225E-01  2.4405E+01  1.3047E+01
 14.000 -9.9060E-01  1.7639E-02 -3.5076E+01  9.202E-01  2.7208E+01  1.4042E+01
 15.000 -1.2366E+00  1.5844E-02 -3.5189E+01  9.199E-01  3.0122E+01  1.5038E+01
 16.000 -1.4662E+00  1.4260E-02 -3.5337E+01  9.203E-01  3.3140E+01  1.6035E+01
 17.000 -1.6790E+00  1.2792E-02 -3.5503E+01  9.215E-01  3.6259E+01  1.7032E+01
 18.000 -1.8786E+00  1.1494E-02 -3.5682E+01  9.229E-01  3.9474E+01  1.8030E+01
 19.000 -2.0650E+00  1.0267E-02 -3.5874E+01  9.246E-01  4.2782E+01  1.9027E+01
 20.000 -2.2401E+00  9.0620E-03 -3.6064E+01  9.264E-01  4.6179E+01  2.0026E+01
