 Structure from AMSCIFDB, AMS_ID: 4105681       Feff8L (EXAFS)       0.1
 Mineral Name: <missing>
 Journal: Journal of the American Chemical Society 133, pp. 2691-2705 (2011)
 Authors: Catherine F. Smura, Dinah R. Parker, Mohamed Zbiri, Mark R. Johnson, Z
 Title1:   High-Spin Cobalt(II) Ions in Square Planar Coordination: Structures a
 Formula:    Cu
 SpaceGroup: Fm-3m
 # sites:    1
 POT  Non-SCF, core-hole, AFOLP (folp(0)= 1.150)
 Abs   Z=29 Rmt= 1.451 Rnm= 1.504 K  shell
 Pot 1 Z=29 Rmt= 1.356 Rnm= 1.394
 Gam_ch=1.729E+00 H-L exch
 Mu=-3.773E+00 kf=1.821E+00 Vint=-1.641E+01 Rs_int= 1.991
 PATH  Rmax= 8.000,  Keep_limit= 0.00, Heap_limit 0.00  Pwcrit= 2.50%
 Path   56      icalc       2
 -----------------------------------------------------------------------
   4  24.000   7.6694    2.6346   -3.77315 nleg, deg, reff, rnrmav(bohr), edge
        x         y         z   pot at#
    -0.0000   -0.0000   -0.0000  0  29 Cu       absorbing atom
    -3.6154   -0.0000   -3.6154  1  29 Cu
    -5.4231   -0.0000   -5.4231  1  29 Cu
    -1.8077   -0.0000   -1.8077  1  29 Cu
    k   real[2*phc]   mag[feff]  phase[feff] red factor   lambda     real[p]@#
 -0.000  3.9601E+00  1.7518E-05 -5.3383E+00  9.913E-01  1.6060E+01  1.8222E+00
  0.100  3.9605E+00  2.6998E-02 -6.8258E+00  9.916E-01  1.6083E+01  1.8249E+00
  0.200  3.9614E+00  5.1166E-02 -8.2202E+00  9.923E-01  1.6150E+01  1.8327E+00
  0.300  3.9629E+00  7.0389E-02 -9.5283E+00  9.934E-01  1.6256E+01  1.8458E+00
  0.400  3.9645E+00  8.3713E-02 -1.0758E+01  9.949E-01  1.6390E+01  1.8639E+00
  0.500  3.9660E+00  9.1358E-02 -1.1919E+01  9.968E-01  1.6541E+01  1.8870E+00
  0.600  3.9668E+00  9.4366E-02 -1.3019E+01  9.991E-01  1.6692E+01  1.9149E+00
  0.700  3.9666E+00  9.4103E-02 -1.4064E+01  1.002E+00  1.6826E+01  1.9474E+00
  0.800  3.9648E+00  9.1866E-02 -1.5058E+01  1.005E+00  1.6924E+01  1.9843E+00
  0.900  3.9608E+00  8.8663E-02 -1.6005E+01  1.008E+00  1.6969E+01  2.0255E+00
  1.000  3.9542E+00  8.5177E-02 -1.6904E+01  1.012E+00  1.6946E+01  2.0707E+00
  1.100  3.9444E+00  8.1811E-02 -1.7757E+01  1.016E+00  1.6846E+01  2.1199E+00
  1.200  3.9309E+00  7.8771E-02 -1.8563E+01  1.021E+00  1.6663E+01  2.1730E+00
  1.300  3.9133E+00  7.6130E-02 -1.9322E+01  1.025E+00  1.6399E+01  2.2298E+00
  1.400  3.8911E+00  7.3883E-02 -2.0033E+01  1.031E+00  1.6064E+01  2.2902E+00
  1.500  3.8638E+00  7.1988E-02 -2.0697E+01  1.037E+00  1.5672E+01  2.3543E+00
  1.600  3.8311E+00  7.0377E-02 -2.1311E+01  1.043E+00  1.5242E+01  2.4219E+00
  1.700  3.7925E+00  6.8981E-02 -2.1875E+01  1.049E+00  1.4797E+01  2.4933E+00
  1.800  3.7475E+00  6.7731E-02 -2.2386E+01  1.056E+00  1.4362E+01  2.5684E+00
  1.900  3.6957E+00  6.6561E-02 -2.2843E+01  1.062E+00  1.3964E+01  2.6474E+00
  2.000  3.6366E+00  6.5361E-02 -2.3241E+01  1.067E+00  1.3628E+01  2.7305E+00
  2.200  3.4670E+00  6.7928E-02 -2.3735E+01  1.067E+00  1.3265E+01  2.9222E+00
  2.400  3.3451E+00  6.6164E-02 -2.4097E+01  1.239E+00  7.1986E+00  3.0972E+00
  2.600  3.3341E+00  4.8114E-02 -2.5325E+01  1.289E+00  6.1330E+00  3.2281E+00
  2.800  3.2996E+00  3.5109E-02 -2.6493E+01  1.306E+00  5.6459E+00  3.3667E+00
  3.000  3.2442E+00  2.7559E-02 -2.7523E+01  1.308E+00  5.4413E+00  3.5136E+00
  3.200  3.1777E+00  2.4904E-02 -2.8329E+01  1.291E+00  5.3822E+00  3.6666E+00
  3.400  3.1023E+00  2.8942E-02 -2.8877E+01  1.274E+00  5.4119E+00  3.8251E+00
  3.600  3.0215E+00  4.2936E-02 -2.9306E+01  1.251E+00  5.5018E+00  3.9883E+00
  3.800  2.9346E+00  6.9977E-02 -2.9752E+01  1.230E+00  5.6356E+00  4.1558E+00
  4.000  2.8437E+00  1.1055E-01 -3.0179E+01  1.210E+00  5.8035E+00  4.3270E+00
  4.200  2.7505E+00  1.6458E-01 -3.0579E+01  1.191E+00  5.9989E+00  4.5015E+00
  4.400  2.6542E+00  2.3098E-01 -3.0936E+01  1.171E+00  6.2170E+00  4.6788E+00
  4.600  2.5555E+00  3.0861E-01 -3.1261E+01  1.153E+00  6.4548E+00  4.8586E+00
  4.800  2.4550E+00  3.9453E-01 -3.1546E+01  1.138E+00  6.7096E+00  5.0405E+00
  5.000  2.3532E+00  4.8758E-01 -3.1805E+01  1.120E+00  6.9797E+00  5.2243E+00
  5.200  2.2508E+00  5.8547E-01 -3.2042E+01  1.104E+00  7.2636E+00  5.4097E+00
  5.400  2.1481E+00  6.8540E-01 -3.2250E+01  1.090E+00  7.5600E+00  5.5965E+00
  5.600  2.0465E+00  7.8644E-01 -3.2443E+01  1.076E+00  7.8680E+00  5.7847E+00
  5.800  1.9467E+00  8.8435E-01 -3.2618E+01  1.064E+00  8.1869E+00  5.9739E+00
  6.000  1.8483E+00  9.7803E-01 -3.2777E+01  1.051E+00  8.5160E+00  6.1641E+00
  6.500  1.6124E+00  1.1766E+00 -3.3120E+01  1.028E+00  9.3796E+00  6.6432E+00
  7.000  1.3872E+00  1.3114E+00 -3.3406E+01  1.010E+00  1.0297E+01  7.1264E+00
  7.500  1.1697E+00  1.3851E+00 -3.3646E+01  9.961E-01  1.1262E+01  7.6126E+00
  8.000  9.5498E-01  1.4088E+00 -3.3857E+01  9.839E-01  1.2273E+01  8.1012E+00
  8.500  7.5260E-01  1.3831E+00 -3.4048E+01  9.736E-01  1.3326E+01  8.5916E+00
  9.000  5.6266E-01  1.3258E+00 -3.4226E+01  9.653E-01  1.4418E+01  9.0835E+00
  9.500  3.8337E-01  1.2466E+00 -3.4396E+01  9.581E-01  1.5548E+01  9.5766E+00
 10.000  2.0960E-01  1.1590E+00 -3.4561E+01  9.503E-01  1.6715E+01  1.0071E+01
 11.000 -1.2696E-01  9.8589E-01 -3.4873E+01  9.357E-01  1.9151E+01  1.1061E+01
 12.000 -4.3659E-01  8.2440E-01 -3.5169E+01  9.269E-01  2.1716E+01  1.2053E+01
 13.000 -7.2496E-01  6.9005E-01 -3.5452E+01  9.225E-01  2.4405E+01  1.3047E+01
 14.000 -9.9060E-01  5.8020E-01 -3.5724E+01  9.202E-01  2.7208E+01  1.4042E+01
 15.000 -1.2366E+00  4.9309E-01 -3.5984E+01  9.199E-01  3.0122E+01  1.5038E+01
 16.000 -1.4662E+00  4.2561E-01 -3.6227E+01  9.203E-01  3.3140E+01  1.6035E+01
 17.000 -1.6790E+00  3.7197E-01 -3.6455E+01  9.215E-01  3.6259E+01  1.7032E+01
 18.000 -1.8786E+00  3.2999E-01 -3.6666E+01  9.229E-01  3.9474E+01  1.8030E+01
 19.000 -2.0650E+00  2.9741E-01 -3.6870E+01  9.246E-01  4.2782E+01  1.9027E+01
 20.000 -2.2401E+00  2.7343E-01 -3.7071E+01  9.264E-01  4.6179E+01  2.0026E+01
