#scan
#values1	data:12s_70C_norm_avg_allscans.nxs[1.6002239999999879,:1541][1058,:]
8865.153663907668	0.01149821440943727
8865.563207466354	0.01305093985733571
8865.972796409402	0.01295317266795779
8866.382430736816	0.008995054005478210
8866.792110448592	0.0008533229694623681
8867.201835544733	0.005505201803465157
8867.611606025237	0.0006545596171850135
8868.021421890106	0.005842085131826880
8868.431283139336	0.01749617315957824
8868.841189772931	0.01000297962316806
8869.251141790890	0.003207493946290396
8869.661139193211	0.01500705852941624
8870.071181979898	0.006912087381890783
8870.481270150947	0.01496766435686827
8870.891403706360	0.005902150082324311
8871.301582646138	-0.001908103354194638
8871.711806970277	0.01151164705374116
8872.122076678783	0.003081054893890593
8872.532391771650	0.002032660746615765
8872.942752248880	-0.004395965685935062
8873.353158110476	0.001946831927055735
8873.763609356434	0.01186436048471428
8874.174105986756	0.008229342984902268
8874.584648001442	0.01453053729536001
8874.995235400493	0.001899736393039885
8875.405868183905	0.007979199097195373
8875.816546351683	0.002555781967716968
8876.227269903822	0.003179792186776034
8876.638038840327	0.004789348366105421
8877.048853161195	0.004852563110634959
8877.459712866426	0.008854829297725674
8877.870617956021	0.01120287066479465
8878.281568429980	0.01082239237208111
8878.692564288302	0.007210832503375285
8879.103605530989	0.003789212817523452
8879.514692158038	-0.002124647189480888
8879.925824169452	0.005739646893424409
8880.337001565227	-0.001838650009336617
8880.748224345369	-0.002639930982722680
8881.159492509873	-0.003749382719126133
8881.570806058740	0.004946972987881271
8881.982164991972	0.0001072053323235690
8882.393569309566	0.006181872919303522
8882.805019011526	0.005167673529955359
8883.216514097849	0.002611627435105414
8883.628054568535	0.009648763023205227
8884.039640423583	0.006139527944896916
8884.451271662996	0.002496335510514855
8884.862948286775	0.002857228433012313
8885.274670294915	-0.006701552528360154
8885.686437687418	-0.005593331115463069
8886.098250464287	-0.003034031809240453
8886.510108625518	0.003115232528650823
8886.922012171113	0.0001843173040381931
8887.333961101072	0.006435282035853088
8887.745955415394	-0.001824623113711173
8888.157995114080	0.0005496954102854465
8888.570080197129	-0.007256378925458653
8888.982210664542	0.001607212892173447
8889.394386516320	-0.003681681498300641
8889.806607752460	0.003665867842483413
8890.218874372964	0.0001211604205483947
8890.631186377832	-0.001328656536529750
8891.043543767064	0.002884228546307247
8891.455946540660	0.006648204009778569
8891.868394698618	0.006736022348370302
8892.280888240940	-0.004077940961130950
8892.693427167627	-0.006726707055679244
8893.106011478676	-0.01164659341132663
8893.518641174089	-0.01223526011865479
8893.931316253866	-0.004548201813182383
8894.344036718006	0.005955218419062040
8894.756802566511	-0.001355182473876020
8895.169613799379	-0.005329139853357638
8895.582470416610	-0.005517727355851640
8895.995372418205	0.001026691512652007
8896.408319804164	-0.002840878142342654
8896.821312574488	0.002627183746818672
8897.234350729173	-0.006995057564919422
8897.647434268223	-0.007343287858247020
8898.060563191637	0.003012825437760884
8898.473737499413	0.001856920471999582
8898.886957191553	-0.0005854337738711198
8899.300222268059	-0.005755822227168212
8899.713532728925	-0.001716962500064586
8900.126888574157	-0.01030963822232395
8900.540289803752	-0.008655288640297524
8900.953736417712	-0.009784145567379932
8901.367228416035	-0.004097951907206627
8901.780765798720	-0.004831281866588802
8902.194348565770	-0.01753926402697786
8902.607976717183	-0.01202067684814120
8903.021650252960	-0.009767054987293840
8903.435369173101	-0.008098925467951724
8903.849133477604	-0.01243473925911094
8904.262943166474	-0.005870639871918951
8904.676798239705	-0.008342115969896856
8905.090698697300	-0.008859425327526463
8905.504644539258	-0.01129091150124840
8905.918635765582	-0.01058295623513258
8906.332672376268	-0.01129792684698453
8906.746754371317	-0.009283346886642667
8907.160881750731	-0.008485536519058503
8907.575054514507	-0.006680027225836977
8907.989272662648	0.001868126696369346
8908.403536195152	-0.006768661867181086
8908.817845112020	-0.001127574038221969
8909.232199413253	-0.0006115345777472153
8909.646599098847	-0.0007414917769386309
8910.061044168806	-0.001892016507651646
8910.475534623129	-0.004548042470312829
8910.890070461815	-0.008042607133503528
8911.304651684864	-0.005372076787036314
8911.719278292278	-0.002617526421529968
8912.133950284055	0.002910935689987831
8912.548667660196	-0.0003251562951597578
8912.963430420701	-0.003303161359403211
8913.378238565569	-0.0007118791085198937
8913.793092094800	-0.004742714336320293
8914.207991008396	-0.005543506233821270
8914.622935306354	-0.002920043380038651
8915.037924988677	-0.0002006045244222583
8915.452960055363	-0.0005964735086543978
8915.868040506413	-0.003777354688807102
8916.283166341826	0.003426659460510017
8916.698337561604	0.001653897374491214
8917.113554165744	0.005506929218401687
8917.528816154248	-0.003169833839999398
8917.944123527117	-0.003323034710530327
8918.359476284348	-0.003775171523556917
8918.774874425942	-0.003488839418307957
8919.190317951901	0.003015433775303618
8919.605806862224	-0.0002758980080685596
8920.021341156911	-0.01156497315712954
8920.436920835960	-0.002826071218489862
8920.852545899374	-1.903696949482063e-05
8921.268216347150	0.003001619758135778
8921.683932179292	0.0006714909997193712
8922.099693395796	-0.005449056871665831
8922.515499996665	-0.01087705147514681
8922.931351981897	-0.01048018354863276
8923.347249351491	-0.003125357993399679
8923.763192105450	-0.0008167767907193955
8924.179180243773	-0.01119081441812817
8924.595213766459	-0.007329079442092781
8925.011292673510	-0.01036685049464227
8925.427416964923	-0.01014743333765945
8925.843586640700	-0.004524009668451340
8926.259801700840	-0.002962528602138055
8926.676062145345	0.001210385089327906
8927.092367974214	0.0005983199582111800
8927.508719187445	-0.009050083683173804
8927.925115785040	-0.006285891056580331
8928.341557766998	-0.001271628394996742
8928.758045133322	-0.006520979620529564
8929.174577884009	-0.002364157032136553
8929.591156019058	0.001463387928690949
8930.007779538471	0.001942211840342749
8930.424448442249	-0.007172829854058434
8930.841162730390	-0.002635798143411310
8931.257922402894	-0.008534278640652673
8931.674727459762	-0.003110738764734509
8932.091577900994	-0.001717024081720238
8932.508473726590	0.003757733456698663
8932.925414936548	-0.001974279887022422
8933.342401530872	0.002411754803667796
8933.759433509558	-0.004287452869307122
8934.176510872607	-0.003106676613482733
8934.593633620021	-0.006063249539701380
8935.010801751798	-0.007343507084939943
8935.428015267938	-0.004258990172597295
8935.845274168443	-0.008007174468742731
8936.262578453312	-0.004007233819801151
8936.679928122543	-0.009996457733496347
8937.097323176138	-0.0002242616758648430
8937.514763614097	-0.0004290358858649278
8937.932249436420	0.002512701432902844
8938.349780643106	0.0002859310646172032
8938.767357234157	0.002965288766112278
8939.184979209570	-0.003434390749809414
8939.602646569347	-0.0001834297388251483
8940.020359313488	-0.007214400183174517
8940.438117441992	-0.004435334461765365
8940.855920954860	-0.007402910207394990
8941.273769852092	0.002635459977694023
8941.691664133688	0.001821228957540131
8942.109603799647	-0.01232391161285339
8942.527588849971	-0.006855557598500262
8942.945619284657	0.006222414505932692
8943.363695103706	-0.0002944359245187112
8943.781816307120	-0.004502284419283171
8944.199982894897	0.002865386549918065
8944.618194867038	-0.001877305089214113
8945.036452223543	-0.002638116326722240
8945.454754964410	0.003790524209948498
8945.873103089643	0.002355410909754857
8946.291496599239	0.0001895571628317409
8946.709935493198	-0.004746103711516409
8947.128419771520	-0.003555947223162309
8947.546949434207	-0.001805625615686853
8947.965524481257	-0.008405847364374705
8948.384144912670	-0.006948298535889365
8948.802810728448	-0.004874798729780084
8949.221521928588	-0.004690978841593481
8949.640278513092	0.0005696731482289774
8950.059080481960	0.001949935802209956
8950.477927835193	0.0007713701467986435
8950.896820572789	-0.009937766605020730
8951.315758694747	-0.003160711104118124
8951.734742201070	0.004888007413835806
8952.153771091756	-0.0001796939963003916
8952.572845366807	-0.002690159182770744
8952.991965026220	-0.01355873836364436
8953.411130069999	-0.005390377378121323
8953.830340498140	0.001038297969115908
8954.249596310643	0.005486820289978847
8954.668897507512	-0.0001669901830089221
8955.088244088744	-0.001740437127012263
8955.507636054339	0.004524047224206976
8955.927073404298	0.007825723085482836
8956.346556138622	0.006458180198031639
8956.766084257308	-0.001569454471933883
8957.185657760358	0.004484052169432268
8957.605276647771	-0.003127241914882000
8958.024940919550	-0.002050908407246611
8958.444650575690	0.004418572449996551
8958.864405616194	0.01006710207330470
8959.284206041062	0.002705975299013274
8959.704051850294	0.005485787166337687
8960.123943043890	0.004120760109375928
8960.543879621850	-0.003357984352079809
8960.963861584172	0.006292989086875767
8961.383888930859	0.004346919210091282
8961.803961661908	0.01268260838401348
8962.224079777323	0.006621547313469778
8962.644243277100	0.002010762974622664
8963.064452161241	0.01026397797975852
8963.484706429745	0.003062652450561602
8963.905006082614	0.01131553195383522
8964.325351119845	0.008731692370782172
8964.745741541441	0.006975356080653966
8965.166177347400	0.008284048191015744
8965.586658537723	0.004804120707745765
8966.007185112410	0.006219577828162740
8966.427757071460	0.001841503875466913
8966.848374414874	0.005297795684902254
8967.269037142650	0.009488737620401151
8967.689745254793	0.01251495434988054
8968.110498751297	0.01139682845912034
8968.531297632166	0.007738587228769184
8968.952141897396	0.0009832483650803758
8969.373031546993	0.003316857319412664
8969.793966580952	0.008556654198095218
8970.214946999275	0.003947646425394342
8970.635972801962	0.004398990460656466
8971.057043989010	0.003381580511213145
8971.478160560426	0.01367726811507951
8971.899322516203	0.01682253645239552
8972.320529856344	0.01901959105828515
8972.741782580848	0.005937087901643655
8973.163080689717	0.01379834081289746
8973.584424182949	0.007329293783470786
8974.005813060545	0.01311002060290047
8974.427247322505	0.02502119880397620
8974.848726968827	0.01289255465357181
8975.270251999513	0.01854287697430022
8975.691822414563	0.01926668078101437
8976.113438213977	0.02045667134858580
8976.535099397755	0.01931602147925685
8976.956805965896	0.02654896947354571
8977.378557918400	0.02592622076822090
8977.800355255270	0.02399063523211670
8978.222197976502	0.03439148270859350
8978.644086082097	0.02762039127258272
8979.066019572056	0.04034898798329337
8979.487998446379	0.04321350878886233
8979.910022705066	0.04534339550944816
8980.332092348115	0.05328053743253684
8980.754207375530	0.06118730743704181
8981.176367787308	0.06340664811277139
8981.598573583447	0.06398332177052451
8982.020824763953	0.1001817902889837
8982.443121328820	0.1446661213084242
8982.865463278053	0.1749276888514367
8983.287850611649	0.2115011009825379
8983.710283329609	0.2384908145346835
8984.132761431930	0.2592244198500294
8984.555284918619	0.2716184790526889
8984.977853789667	0.2854730144477410
8985.400468045082	0.2907378249576204
8985.823127684860	0.3100326031999448
8986.245832709000	0.3163685846953134
8986.668583117505	0.3317195053463394
8987.091378910374	0.3576937994707833
8987.514220087605	0.3885181285237775
8987.937106649202	0.4211073208886379
8988.360038595161	0.4630190960441889
8988.783015925485	0.5023049810333965
8989.206038640170	0.5451614004284495
8989.629106739221	0.5908138281943274
8990.052220222635	0.6405825432481786
8990.475379090412	0.6845616711020344
8990.898583342554	0.7304985352332081
8991.321832979058	0.7784113404248545
8991.745127999928	0.8249485623784623
8992.168468405160	0.8741253090030088
8992.591854194754	0.9293711087117789
8993.015285368714	0.9827370171790749
8993.438761927036	1.042482941454873
8993.862283869725	1.096214017816248
8994.285851196773	1.154758289342580
8994.709463908188	1.202687533186540
8995.133122003966	1.241471550619735
8995.556825484107	1.279849359776327
8995.980574348612	1.306976288967097
8996.404368597480	1.329384258947148
8996.828208230712	1.331833023447503
8997.252093248308	1.342120224627009
8997.676023650267	1.336327217421051
8998.099999436590	1.327385222613968
8998.524020607278	1.314403494844329
8998.948087162327	1.306005980227792
8999.372199101741	1.292435582920795
8999.796356425519	1.273564073113392
9000.220559133660	1.268829148893911
9000.644807226165	1.245032893288193
9001.069100703035	1.217034029335290
9001.493439564267	1.195191915691664
9001.917823809861	1.188485921501523
9002.342253439821	1.183868759493417
9002.766728454144	1.158084090172995
9003.191248852830	1.135477518080366
9003.615814635881	1.120002384555484
9004.040425803296	1.091000984077783
9004.465082355073	1.073758489810025
9004.889784291214	1.051591349065179
9005.314531611719	1.038441001304679
9005.739324316588	1.034041583405569
9006.164162405820	1.018392197096293
9006.589045879417	1.009776296543457
9007.013974737376	1.007798929520374
9007.438948979698	0.9878089775076323
9007.863968606385	0.9838385119939375
9008.289033617435	0.9805785231034692
9008.714144012849	0.9725154066041481
9009.139299792627	0.9627466470289534
9009.564500956769	0.9676397263139751
9009.989747505273	0.9585859438293318
9010.415039438141	0.9499895758041341
9010.840376755374	0.9480061009727316
9011.265759456970	0.9470779794773300
9011.691187542929	0.9420764271773350
9012.116661013253	0.9364121064060583
9012.542179867940	0.9356159897020824
9012.967744106990	0.9244571445841697
9013.393353730404	0.9210930056576839
9013.819008738180	0.9215063438080133
9014.244709130322	0.9235800021932639
9014.670454906827	0.9182014280545960
9015.096246067696	0.9217675065809086
9015.522082612928	0.9080244678842802
9015.947964542525	0.8992843520506538
9016.373891856485	0.9056267247691844
9016.799864554807	0.9003893252415355
9017.225882637495	0.8974598672053606
9017.651946104545	0.8893763059449531
9018.078054955959	0.8876071104503535
9018.504209191737	0.8916566762543381
9018.930408811877	0.8822402253638090
9019.356653816383	0.8785411538600191
9019.782944205252	0.8716779350764792
9020.209279978484	0.8738466922859924
9020.635661136079	0.8774242838394251
9021.062087678040	0.8726503379375634
9021.488559604362	0.8696347998645586
9021.915076915050	0.8618313422851513
9022.341639610100	0.8587676989985659
9022.768247689513	0.8669624232994186
9023.194901153290	0.8730929586705660
9023.621600001432	0.8665555257576767
9024.048344233937	0.8568255523349879
9024.475133850807	0.8619403875632562
9024.901968852038	0.8572884288960807
9025.328849237634	0.8632568227214870
9025.755775007594	0.8580085860370619
9026.182746161918	0.8629941015287765
9026.609762700604	0.8764614954769805
9027.036824623654	0.8662448008594135
9027.463931931068	0.8696557681101382
9027.891084622846	0.8721804548568319
9028.318282698989	0.8758099583191890
9028.745526159493	0.8863848061273389
9029.172815004362	0.8805446978966207
9029.600149233594	0.8932137990316737
9030.027528847190	0.8902075408140604
9030.454953845150	0.8977278700358583
9030.882424227473	0.9003660304129912
9031.309939994160	0.9029753636048454
9031.737501145210	0.9043564455718451
9032.165107680625	0.9183517136049800
9032.592759600402	0.9320794957612970
9033.020456904544	0.9318112526890473
9033.448199593050	0.9289608548294352
9033.875987665917	0.9396716719310068
9034.303821123150	0.9426271492269903
9034.731699964746	0.9477825989975710
9035.159624190706	0.9492638301062969
9035.587593801029	0.9556738655696264
9036.015608795717	0.9675118291210345
9036.443669174767	0.9721024762865358
9036.871774938181	0.9724172067661514
9037.299926085958	0.9799182779804357
9037.728122618100	0.9824912184226780
9038.156364534605	0.9853226008582017
9038.584651835474	0.9907677234171975
9039.012984520707	0.9996663453832240
9039.441362590302	0.9948633542051610
9039.869786044263	1.007802052018433
9040.298254882586	1.003236783741741
9040.726769105271	1.015764636256464
9041.155328712322	1.024789404792967
9041.583933703736	1.018678462722105
9042.012584079515	1.024973538780492
9042.441279839657	1.027328305671377
9042.870020984160	1.023131345049619
9043.298807513030	1.030627616496955
9043.727639426263	1.030403828282045
9044.156516723859	1.032784300797642
9044.585439405819	1.032530660897481
9045.014407472141	1.033981164467799
9045.443420922830	1.035217031249440
9045.872479757880	1.034171581604920
9046.301583977292	1.032032049710030
9046.730733581071	1.035336875703113
9047.159928569214	1.038390843863950
9047.589168941719	1.044998376327339
9048.018454698587	1.046848778620785
9048.447785839819	1.041999817431412
9048.877162365416	1.038094643772586
9049.306584275375	1.045098307313529
9049.736051569698	1.051280173161666
9050.165564248386	1.053142429159459
9050.595122311435	1.045323658096334
9051.024725758850	1.043409303619511
9051.454374590629	1.051249908694880
9051.884068806770	1.052581984083730
9052.313808407274	1.040966822711400
9052.743593392144	1.047950434574826
9053.173423761376	1.042618667988317
9053.603299514973	1.039992935270783
9054.033220652933	1.037608529132080
9054.463187175255	1.040693621189116
9054.893199081942	1.034593551540690
9055.323256372993	1.043939889922590
9055.753359048407	1.039112217438381
9056.183507108186	1.040720548583796
9056.613700552327	1.037831455772595
9057.043939380832	1.051161869604183
9057.474223593701	1.050187195977018
9057.904553190934	1.043293400448047
9058.334928172530	1.036654309351138
9058.765348538489	1.040128663862205
9059.195814288812	1.037953156730795
9059.626325423500	1.046469179032795
9060.056881942550	1.044414723750519
9060.487483845965	1.035737426956402
9060.918131133743	1.040673197781793
9061.348823805885	1.038063619440699
9061.779561862390	1.030657958963991
9062.210345303258	1.038222569645647
9062.641174128492	1.034875687845530
9063.072048338086	1.034342271745156
9063.502967932047	1.030592092286589
9063.933932910371	1.033630154458337
9064.364943273058	1.026001946626800
9064.795999020109	1.032586943639874
9065.227100151522	1.034596847202347
9065.658246667300	1.031881307306252
9066.089438567442	1.031662289396869
9066.520675851947	1.029284681091859
9066.951958520816	1.026987540460114
9067.383286574050	1.019006389575307
9067.814660011645	1.019621943055036
9068.246078833605	1.020126495877747
9068.677543039928	1.019089433106060
9069.109052630616	1.023927901570483
9069.540607605666	1.011622847494859
9069.972207965080	1.021372193655399
9070.403853708858	1.014953529759880
9070.835544837000	1.019377826318807
9071.267281349506	1.017860115200849
9071.699063246375	1.016169246791406
9072.130890527607	1.007721710849320
9072.562763193204	1.018298370242199
9072.994681243163	1.010824818289951
9073.426644677487	1.003441280506678
9073.858653496174	1.001018465784999
9074.290707699225	1.002491033605551
9074.722807286640	1.003282070061346
9075.154952258417	1.006832859585536
9075.587142614559	0.9983468455073499
9076.019378355064	1.000263700277970
9076.451659479933	0.9998182887436764
9076.883985989167	0.9985272439867411
9077.316357882763	0.9987878620456436
9077.748775160722	0.9991691489213208
9078.181237823046	0.9963294809013721
9078.613745869732	0.9993916067015960
9079.046299300784	0.9948645704050283
9079.478898116198	0.9903386481663852
9079.911542315976	0.9861291296274385
9080.344231900117	0.9855516760002929
9080.776966868623	0.9824151356292159
9081.209747221492	0.9871655572299878
9081.642572958724	0.9841937633323402
9082.075444080321	0.9895543184327809
9082.508360586280	0.9874293928737292
9082.941322476605	0.9835640678431472
9083.374329751292	0.9819131595739561
9083.807382410343	0.9780338103814442
9084.240480453756	0.9833297622816892
9084.673623881536	0.9815423808128978
9085.106812693677	0.9806439135942038
9085.540046890183	0.9783261303465249
9085.973326471052	0.9737687303599326
9086.406651436284	0.9712456958945290
9086.840021785880	0.9761840851623659
9087.273437519840	0.9780661992255164
9087.706898638164	0.9730561999565364
9088.140405140852	0.9717307025840012
9088.573957027902	0.9705287892799250
9089.007554299316	0.9748904241540380
9089.441196955095	0.9730835538166993
9089.874884995237	0.9735202357955695
9090.308618419742	0.9718348040296640
9090.742397228610	0.9750222142472472
9091.176221421843	0.9776618600921800
9091.610090999440	0.9759239241878948
9092.044005961400	0.9723268009399695
9092.477966307724	0.9708968676152963
9092.911972038411	0.9774017201022570
9093.346023153461	0.9790138583668590
9093.780119652876	0.9688405170459140
9094.214261536654	0.9699992563408051
9094.648448804795	0.9702671377321432
9095.082681457301	0.9751635530727450
9095.516959494170	0.9733894659745741
9095.951282915403	0.9791158533672931
9096.385651720999	0.9852290805194484
9096.820065910959	0.9758454717703218
9097.254525485283	0.9791842852562429
9097.689030443971	0.9727446002587552
9098.123580787022	0.9816042324875552
9098.558176514436	0.9760065070447528
9098.992817626215	0.9782121446218901
9099.427504122355	0.9818709887464421
9099.862236002862	0.9813530256673351
9100.297013267731	0.9777860931777891
9100.731835916964	0.9908821611300564
9101.166703950560	0.9818066717839411
9101.601617368520	0.9872570264730232
9102.036576170844	0.9878898667276075
9102.471580357531	0.9870360801210340
9102.906629928582	0.9876429002956153
9103.341724883996	0.9903107866977402
9103.776865223774	0.9947286999347169
9104.212050947915	0.9962626520546567
9104.647282056421	0.9894939879990112
9105.082558549291	0.9903509478205743
9105.517880426523	0.9913407310894105
9105.953247688120	0.9856116419330211
9106.388660334080	0.9889738272988045
9106.824118364404	0.9954542691407167
9107.259621779090	0.9960202119146904
9107.695170578143	0.9875583072920449
9108.130764761558	0.9877668676475710
9108.566404329335	0.9863758193997801
9109.002089281477	0.9893963895467526
9109.437819617982	0.9960582336359126
9109.873595338851	0.9927641704448888
9110.309416444084	0.9922609358807157
9110.745282933682	0.9927689398955379
9111.181194807641	1.001700146783197
9111.617152065965	0.9943621793025356
9112.053154708652	1.000764112730459
9112.489202735704	0.9944609677485572
9112.925296147117	0.9946292116013018
9113.361434942895	0.9995777837970947
9113.797619123037	1.003192702259964
9114.233848687543	0.9984037500582084
9114.670123636413	0.9988360026306567
9115.106443969646	0.9960840979958492
9115.542809687242	1.001242622004094
9115.979220789202	0.9957860130231397
9116.415677275525	0.9967579946808093
9116.852179146214	1.001880188060373
9117.288726401264	0.9985223104808771
9117.725319040680	1.004693281561678
9118.161957064458	1.005136496371374
9118.598640472599	1.005384145679515
9119.035369265104	1.008043237211674
9119.472143441973	0.9982608293597139
9119.908963003207	1.002714378846125
9120.345827948804	1.006416178130353
9120.782738278764	1.000820561112263
9121.219693993087	1.006141805603992
9121.656695091775	1.005107200384684
9122.093741574825	1.006109903919025
9122.530833442240	1.003476562978173
9122.967970694019	1.004834319645537
9123.405153330160	1.007864518213894
9123.842381350667	1.010240771739003
9124.279654755535	1.005068603412257
9124.716973544768	1.003532401708329
9125.154337718364	1.009878946287570
9125.591747276325	1.012801801279620
9126.029202218650	1.005167506255093
9126.466702545336	1.003224081683593
9126.904248256387	1.011629121836481
9127.341839351802	1.012458512282803
9127.779475831581	1.007845294474171
9128.217157695723	1.010816822669075
9128.654884944228	1.011279561445506
9129.092657577097	1.012090855696722
9129.530475594330	1.016291111141190
9129.968338995926	1.013372263602320
9130.406247781888	1.000576128461499
9130.844201952212	1.000344081226927
9131.282201506898	1.009038791948473
9131.720246445950	1.009655026644507
9132.158336769364	1.008130170571531
9132.596472477142	1.012305172168276
9133.034653569284	1.008080598239448
9133.472880045790	1.011362245725549
9133.911151906660	1.008258607443873
9134.349469151894	1.008322849396868
9134.787831781488	1.015656839913328
9135.226239795450	1.009544447035617
9135.664693193774	1.010544232883298
9136.103191976461	1.009099518628589
9136.541736143512	1.012169201844316
9136.980325694927	1.007195950010848
9137.418960630705	1.005933956399898
9137.857640950848	1.016322788755124
9138.296366655353	1.013107326624492
9138.735137744223	1.010881003411839
9139.173954217455	1.012102696878947
9139.612816075052	1.006440288369300
9140.051723317012	1.012272924716806
9140.490675943336	1.009386832469427
9140.929673954024	1.012801790379318
9141.368717349074	1.018644638437270
9141.807806128489	1.013366306697515
9142.246940292269	1.014347944869932
9142.686119840410	1.009402448462115
9143.125344772916	1.013046158598705
9143.564615089785	1.023102461908689
9144.003930791017	1.018023104684902
9144.443291876614	1.025733796996788
9144.882698346575	1.022050534440545
9145.322150200898	1.013379303338429
9145.761647439587	1.018527746610574
9146.201190062638	1.011917153840224
9146.640778070052	1.013738165702572
9147.080411461831	1.012190552070949
9147.520090237973	1.010250017904616
9147.959814398479	1.013675195423584
9148.399583943348	1.017931270498450
9148.839398872582	1.009574936348045
9149.279259186178	1.011512803546042
9149.719164884138	1.014583287881344
9150.159115966462	1.008642050483648
9150.599112433150	1.017364205209104
9151.039154284200	1.010859441274187
9151.479241519615	1.009017665529764
9151.919374139394	1.011650879436824
9152.359552143536	1.015010927804319
9152.799775532043	1.010872778175646
9153.240044304912	1.008253538512061
9153.680358462145	1.011034029554428
9154.120718003742	1.014630252600896
9154.561122929701	1.011972534534544
9155.001573240026	1.009097240569502
9155.442068934713	1.003426334502168
9155.882610013765	1.002950204870544
9156.323196477180	1.002691836431093
9156.763828324958	1.000451787789833
9157.204505557100	1.007916391979193
9157.645228173606	1.013027007899512
9158.085996174475	1.005109696652398
9158.526809559710	0.9996840508125840
9158.967668329306	1.005809692679275
9159.408572483266	1.004869758022806
9159.849522021590	1.004601367741103
9160.290516944277	1.002040691333614
9160.731557251329	1.007673190578984
9161.172642942744	1.005631709203521
9161.613774018522	1.004025236452137
9162.054950478665	1.003523549670923
9162.496172323170	1.004053431990195
9162.937439552039	1.006473777723235
9163.378752165272	1.008265192219618
9163.820110162870	1.008261195524248
9164.261513544830	1.007588310760750
9164.702962311154	1.004309167903378
9165.144456461841	1.008652374506489
9165.585995996893	1.007975597599033
9166.027580916309	1.003219348678688
9166.469211220086	0.9986449974866363
9166.910886908228	1.005465716633499
9167.352607980734	1.002107329940438
9167.794374437604	1.005030540099172
9168.236186278837	1.005219794708573
9168.678043504435	1.004718093044329
9169.119946114395	0.9999762213442139
9169.561894108718	1.002579975560778
9170.003887487406	0.9974007081096634
9170.445926250457	0.9987542325496861
9170.888010397872	0.9976994398040422
9171.330139929650	1.006703394268188
9171.772314845794	1.000433517833765
9172.214535146299	0.9971487425209398
9172.656800831168	0.9982577358879884
9173.099111900401	0.9960046136198291
9173.541468353998	0.9900043348587653
9173.983870191960	0.9921480774173773
9174.426317414283	0.9966952908622596
9174.868810020971	0.9965274954463426
9175.311348012023	0.9993215640089259
9175.753931387437	0.9983746756051337
9176.196560147217	0.9893400905157184
9176.639234291359	0.9950390962380365
9177.081953819865	0.9932597834515012
9177.524718732733	0.9940509994424060
9177.967529029967	1.000256240080807
9178.410384711564	1.000552609312200
9178.853285777524	0.9923813832390773
9179.296232227849	0.9933097891650741
9179.739224062536	0.9887581205256035
9180.182261281587	0.9981519519618329
9180.625343885002	0.9977569923135337
9181.068471872780	0.9920953847256391
9181.511645244924	0.9974929751397734
9181.954864001429	0.9939938376164543
9182.398128142298	0.9966815653740372
9182.841437667532	0.9932125795748792
9183.284792577130	0.9940679915382524
9183.728192871089	0.9881521547324870
9184.171638549415	0.9939034819463763
9184.615129612100	0.9902281190081847
9185.058666059153	0.9985629498895271
9185.502247890568	1.006578421278098
9185.945875106347	0.9972305050254440
9186.389547706489	0.9964845406590588
9186.833265690995	0.9999852486731216
9187.277029059864	1.003342614169875
9187.720837813098	0.9954314395306919
9188.164691950695	1.000917632549882
9188.608591472655	1.004372607042391
9189.052536378980	0.9970969888801957
9189.496526669667	0.9963421968304880
9189.940562344718	0.9931485444292761
9190.384643404133	0.9957340306803922
9190.828769847913	0.9981105770354801
9191.272941676056	0.9938068255295378
9191.717158888561	0.9952461243794450
9192.161421485430	0.9978045025459050
9192.605729466664	0.9932561882394986
9193.050082832260	0.9981533981039162
9193.494481582222	0.9970703392117237
9193.938925716546	0.9959488426165970
9194.383415235234	0.9916971345741288
9194.827950138284	0.9918152398903195
9195.272530425700	0.9995502098912503
9195.717156097478	0.9903382651715835
9196.161827153620	0.9918358909172660
9196.606543594127	0.9997121343894855
9197.051305418996	0.9991102547145843
9197.496112628230	0.9960326350317215
9197.940965221827	0.9993107249393214
9198.385863199788	0.9942496333615751
9198.830806562111	0.9917303309174587
9199.275795308800	0.9932935509203571
9199.720829439852	0.9894973780830860
9200.165908955267	0.9865941366251172
9200.611033855044	0.9915517400675247
9201.056204139188	0.9922610469124491
9201.501419807693	0.9897908624494284
9201.946680860563	0.9898367025319350
9202.391987297797	0.9937268890687784
9202.837339119393	0.9906465631771876
9203.282736325355	0.9912478505157790
9203.728178915679	0.9968209349626926
9204.173666890367	0.9928755545678141
9204.619200249417	0.9943150464138483
9205.064778992833	0.9914878023682716
9205.510403120612	0.9903024426833542
9205.956072632755	0.9909822195564460
9206.401787529261	0.9898353317317781
9206.847547810130	0.9904682408783279
9207.293353475363	0.9949231628779030
9207.739204524960	0.9975887834497184
9208.185100958920	0.9950022710795008
9208.631042777246	0.9959593049246824
9209.077029979933	0.9953428560617170
9209.523062566985	0.9934210194201517
9209.969140538400	1.002058165963277
9210.415263894180	0.9936525270166040
9210.861432634321	0.9968014464100980
9211.307646758827	0.9952663253931175
9211.753906267697	0.9997199696848746
9212.200211160930	0.9958718888673015
9212.646561438527	0.9985132196168280
9213.092957100489	0.9937354859702368
9213.539398146813	0.9973400096496768
9213.985884577502	0.9991046359018423
9214.432416392552	0.9985115736606021
9214.878993591967	0.9998386393011522
9215.325616175747	0.9945570370838941
9215.772284143888	0.9935421254542651
9216.218997496395	1.008755005052255
9216.665756233266	1.007074454884338
9217.112560354499	0.9974429476949758
9217.559409860096	0.9949233125021588
9218.006304750055	0.9968819510887735
9218.453245024380	1.000286436382791
9218.900230683068	1.003461723837509
9219.347261726120	1.000460932550350
9219.794338153535	0.9995898162487735
9220.241459965315	0.9965825414673535
9220.688627161457	0.9984963280244682
9221.135839741963	1.003638680078572
9221.583097706833	1.001969920401704
9222.030401056067	1.002901187699969
9222.477749789663	1.003206907618389
9222.925143907623	0.9956580077122248
9223.372583409948	0.9999811183813598
9223.820068296636	0.9990785090691944
9224.267598567689	0.9960521248565573
9224.715174223104	0.9968199979330350
9225.162795262882	0.9991590911775368
9225.610461687025	0.9970496043754001
9226.058173495530	1.002393531274677
9226.505930688401	1.001424388580246
9226.953733265635	1.000307974260128
9227.401581227232	0.9952815966067665
9227.849474573191	0.9998667360022594
9228.297413303517	1.002672014516284
9228.745397418204	1.005105862458436
9229.193426917256	0.9999446583841587
9229.641501800672	1.002002719829121
9230.089622068450	1.000779334444018
9230.537787720594	1.004754412517756
9230.985998757100	0.9987963425248433
9231.434255177970	1.001563484016401
9231.882556983202	1.008467008277731
9232.330904172799	1.003076136455913
9232.779296746761	0.9986134150322022
9233.227734705086	1.003668486262209
9233.676218047773	0.9973106438333915
9234.124746774825	0.9999355173291813
9234.573320886240	1.000645998427428
9235.021940382020	1.002419339718973
9235.470605262162	1.002050650150505
9235.919315526668	1.006685334982085
9236.368071175537	1.003097530104452
9236.816872208772	1.000213415313006
9237.265718626368	0.9957471490727050
9237.714610428330	0.9992478520976307
9238.163547614653	1.002837524953764
9238.612530185343	1.011835638794650
9239.061558140394	1.000605591575634
9239.510631479809	1.006493337744708
9239.959750203589	0.9959895715406673
9240.408914311730	1.001633786312627
9240.858123804237	1.006730812724972
9241.307378681107	1.003615317300467
9241.756678942340	0.9984775027501482
9242.206024587938	1.002580161598963
9242.655415617899	1.002056248974923
9243.104852032224	0.9992998443775480
9243.554333830910	0.9990132777344340
9244.003861013964	1.001949665023000
9244.453433581379	1.007603864147727
9244.903051533158	1.005501155091612
9245.352714869300	1.004678905745637
9245.802423589806	0.9978997909202063
9246.252177694676	1.000489037268431
9246.701977183910	1.009249435015548
9247.151822057507	1.001361206791494
9247.601712315467	1.000468172493034
9248.051647957793	1.000256327952381
9248.501628984480	1.003648985399108
9248.951655395533	1.003311071835930
9249.401727190947	1.000359506999410
9249.851844370727	1.007388173219159
9250.302006934870	1.003241021228382
9250.752214883376	1.006178966516772
9251.202468216246	1.009575957539314
9251.652766933480	1.000460428562203
9252.103111035076	1.006338868127197
9252.553500521037	1.000487874845595
9253.003935391362	1.001816097350719
9253.454415646050	1.003276687893142
9253.904941285102	1.005214175710308
9254.355512308517	1.006040991090095
9254.806128716296	1.005280204217021
9255.256790508440	1.009759812877438
9255.707497684945	1.002321877786134
9256.158250245815	1.006333322685555
9256.609048191049	1.002993435624449
9257.059891520646	1.003939215070647
9257.510780234608	1.004669913147859
9257.961714332932	0.9995768434337920
9258.412693815620	1.008762665616996
9258.863718682673	1.001457333752189
9259.314788934087	1.006768820908852
9259.765904569867	1.004965293639634
9260.217065590010	1.001667208816435
9260.668271994517	1.006887580197936
9261.119523783385	1.002585051631294
9261.570820956620	1.001959631875089
9262.022163514217	1.007847400688403
9262.473551456178	1.002653068822557
9262.924984782503	0.9958256832069821
9263.376463493190	1.007084793077899
9263.827987588244	1.017027222500590
9264.279557067659	1.004549230628513
9264.731171931437	0.9999613241370144
9265.182832179580	1.003991048992406
9265.634537812086	1.002746593560438
9266.086288828956	1.001795672702860
9266.538085230190	1.001155252749814
9266.989927015788	1.001537081624728
9267.441814185748	1.003947056767145
9267.893746740074	1.000306473719982
9268.345724678762	1.006275519247963
9268.797748001813	1.003661612745503
9269.249816709229	1.001370494034510
9269.701930801008	1.006363277271169
9270.154090277150	1.006503422420391
9270.606295137657	1.005845386898184
9271.058545382528	1.009652272163974
9271.510841011761	1.000386454074335
9271.963182025358	1.004680359337490
9272.415568423320	1.010347952731320
9272.868000205644	1.003353248038893
9273.320477372332	1.009070257351342
9273.772999923385	0.9988541864396528
9274.225567858800	1.000195795729681
9274.678181178579	0.9982127350188148
9275.130839882722	1.004909445480095
9275.583543971228	1.005249168027866
9276.036293444098	0.9981675719333271
9276.489088301332	0.9992572266473827
9276.941928542930	0.9965902439401992
9277.394814168890	1.001784427626871
9277.847745179215	0.9963135486382431
9278.300721573904	1.000914495900140
9278.753743352956	0.9966358701981872
9279.206810516370	1.003588208853396
9279.659923064151	1.000137132408481
9280.113080996294	0.9945315599079543
9280.566284312800	0.9929527980359278
9281.019533013670	1.001922598829771
9281.472827098904	1.000535207168314
9281.926166568500	1.005692416506469
9282.379551422462	1.000458548336769
9282.832981660787	0.9923539997440679
9283.286457283475	1.000318205674593
9283.739978290527	1.002686353366307
9284.193544681943	1.009970973361622
9284.647156457722	0.9982333933380292
9285.100813617864	1.002081593835619
9285.554516162372	1.000621394366673
9286.008264091242	1.004073823393673
9286.462057404475	1.002794434092449
9286.915896102073	1.002749225861698
9287.369780184034	0.9975489106093332
9287.823709650358	0.9999382013359150
9288.277684501047	1.000795196650313
9288.731704736100	0.9983171971480952
9289.185770355514	0.9997479487150596
9289.639881359295	1.001517254094142
9290.094037747436	1.004112566327535
9290.548239519943	1.001422164546284
9291.002486676814	0.9975118915122494
9291.456779218048	1.000482587145481
9291.911117143645	1.002265744522612
9292.365500453607	0.9991381204986691
9292.819929147930	0.9919409631200664
9293.274403226620	1.002226202889489
9293.728922689672	0.9975469425704249
9294.183487537088	0.9972172256994967
9294.638097768866	0.9979036286277303
9295.092753385010	0.9970515718508699
9295.547454385516	0.9976961992503314
9296.002200770386	0.9974181611593907
9296.456992539620	1.004913603673984
9296.911829693217	1.003646223284573
9297.366712231178	0.9972843149049566
9297.821640153503	0.9994574111950816
9298.276613460192	0.9966824129040406
9298.731632151244	0.9983163980530416
9299.186696226660	0.9989502311709424
9299.641805686439	0.9980622724155404
9300.096960530582	1.000359170218267
9300.552160759089	1.000195266911365
9301.007406371958	1.000274199382464
9301.462697369194	1.000356467575023
9301.918033750790	1.001110691615613
9302.373415516751	1.001899577656133
9302.828842667077	1.002010927953865
9303.284315201765	0.9979916628630503
9303.739833120817	1.001253289535135
9304.195396424233	0.9959264915326550
9304.651005112013	0.9999010639569876
9305.106659184155	0.9996336267682511
9305.562358640662	1.002800428392990
9306.018103481532	0.9933795079662351
9306.473893706767	0.9961601052392606
9306.929729316364	0.9989247293120742
9307.385610310324	1.000100094735655
9307.841536688650	0.9933361573630075
9308.297508451338	0.9918563445758348
9308.753525598390	0.9968216155587863
9309.209588129806	0.9985570281298739
9309.665696045586	0.9956171344892870
9310.121849345729	1.004608322526638
9310.578048030235	0.9966189159714220
9311.034292099106	0.9979207482839056
9311.490581552340	1.004007502871656
9311.946916389938	1.006204752473164
9312.403296611898	0.9986945040330124
9312.859722218223	0.9977484624598390
9313.316193208911	0.9985891978315763
9313.772709583964	1.001407517306402
9314.229271343380	0.9978943920251075
9314.685878487158	1.001570469898504
9315.142531015303	1.000609289572876
9315.599228927810	1.000480161746212
9316.055972224680	0.9966806566460265
9316.512760905913	1.002722327319562
9316.969594971511	1.006693908577748
9317.426474421472	1.005049242513327
9317.883399255797	0.9982301210834019
9318.340369474485	0.9969267886614634
9318.797385077538	0.9942768410589171
9319.254446064953	0.9919199885698846
9319.711552436733	0.9960164142468728
9320.168704192876	0.9896035281530088
9320.625901333382	0.9889275597338207
9321.083143858254	0.9942325873900288
9321.540431767487	0.9991108243576214
9321.997765061085	1.005078108774097
9322.455143739046	0.9977987964909918
9322.912567801372	0.9977233250644757
9323.370037248060	0.9985665753202686
9323.827552079112	1.003419114208395
9324.285112294527	0.9974835193550549
9324.742717894307	0.9982528984585710
9325.200368878450	0.9970841491441882
9325.658065246957	0.9978451412869420
9326.115806999827	1.001864575533334
9326.573594137062	0.9943142758945960
9327.031426658660	0.9971904670013432
9327.489304564620	0.9974438470362162
9327.947227854946	0.9992173435484333
9328.405196529633	0.9986070233963249
9328.863210588686	1.000746137402881
9329.321270032102	0.9970860591511317
9329.779374859882	0.9950196100838521
9330.237525072025	1.002689226971917
9330.695720668531	0.9956970623757689
9331.153961649401	0.9965530555002408
9331.612248014635	0.9978310868445799
9332.070579764233	0.9962607442518276
9332.528956898195	0.9956081756804110
9332.987379416520	0.9961651441557389
9333.445847319208	1.003307990241993
9333.904360606260	0.9977409628904191
9334.362919277677	0.9969987050016671
9334.821523333456	0.9983539995960273
9335.280172773599	0.9992558841752772
9335.738867598106	1.007352039038765
9336.197607806977	0.9958322041587557
9336.656393400212	0.9925563282535721
9337.115224377809	1.000369137943808
9337.574100739770	0.9963131936665326
9338.033022486095	1.001992161092527
9338.491989616783	0.9966679659342876
9338.951002131837	0.9996855981413270
9339.410060031252	0.9973594942864142
9339.869163315032	1.001897646410848
9340.328311983174	1.001412190965035
9340.787506035682	1.003633891441405
9341.246745472552	0.9995174786317345
9341.706030293786	1.002882368859088
9342.165360499384	1.003483759703098
9342.624736089345	1.000504648527252
9343.084157063670	0.9948744765891739
9343.543623422360	0.9962074048683532
9344.003135165410	1.001814229770825
9344.462692292827	0.9979663095160456
9344.922294804606	1.004768348859855
9345.381942700750	1.003048536852957
9345.841635981256	0.9972365731351289
9346.301374646127	0.9977667741585836
9346.761158695360	1.003258804759297
9347.220988128960	1.000335373655229
9347.680862946921	0.9984810970491184
9348.140783149245	1.000307492868208
9348.600748735935	1.003370656397586
9349.060759706987	1.001037109935081
9349.520816062402	1.002251506086281
9349.980917802182	0.9979146362173393
9350.441064926326	1.002383807466513
9350.901257434833	1.000125764587332
9351.361495327703	1.000094964214869
9351.821778604937	0.9997931370032238
9352.282107266536	1.001145245100970
9352.742481312496	0.9978205542884773
9353.202900742821	1.001166769756132
9353.663365557510	0.9976288448118704
9354.123875756562	0.9927862520910970
9354.584431339980	1.001336753060147
9355.045032307758	0.9966275597233731
9355.505678659902	1.000395022568737
9355.966370396409	0.9968408582565995
9356.427107517280	0.9990194333429915
9356.887890022514	0.9984105005962823
9357.348717912111	0.9985676446053648
9357.809591186073	0.9993098381051935
9358.270509844398	0.9979569912818804
9358.731473887086	0.9968008163906806
9359.192483314138	0.9982895094367736
9359.653538125554	0.9965718431357746
9360.114638321334	0.9957059061226271
9360.575783901479	0.9990243072115679
9361.036974865985	0.9992144401009031
9361.498211214855	1.002603028068002
9361.959492948090	1.001340217250343
9362.420820065689	1.000732415708797
9362.882192567650	1.001417893721417
9363.343610453974	1.002533995912923
9363.805073724663	0.9987065971758700
9364.266582379716	1.000111706832205
9364.728136419131	1.004184409049403
9365.189735842912	1.004259822212870
9365.651380651056	0.9994205953279445
9366.113070843561	1.002026749420638
9366.574806420433	1.003726387865994
9367.036587381666	1.003789542800353
9367.498413727264	1.001670086228240
9367.960285457226	0.9986949437073200
9368.422202571552	1.001793296227641
9368.884165070240	0.9927551217407076
9369.346172953292	0.9995489422058225
9369.808226220708	1.002772981250401
9370.270324872488	1.000444867354327
9370.732468908630	1.005033830837840
9371.194658329140	0.9986281573617330
9371.656893134010	0.9984750519700226
9372.119173323244	0.9971256530895009
9372.581498896841	1.004912897417302
9373.043869854802	1.001361548691922
9373.506286197130	1.001585918958702
9373.968747923816	1.002008492459248
9374.431255034870	1.000294024808302
9374.893807530287	0.9995876977556886
9375.356405410066	1.001492792262559
9375.819048674210	1.000232895693120
9376.281737322715	1.002793959330072
9376.744471355587	1.003589227965332
9377.207250772820	1.002093279852112
9377.670075574419	1.005324150570428
9378.132945760380	1.002460220791532
9378.595861330707	1.002335047972687
9379.058822285395	1.007549449271632
9379.521828624447	1.006176353627384
9379.984880347864	1.003833853669965
9380.447977455644	1.001743021357196
9380.911119947787	1.000793862146244
9381.374307824293	0.9990891259151092
9381.837541085164	0.9989047921760510
9382.300819730399	0.9958563634589687
9382.764143759996	0.9938690316385507
9383.227513173959	0.9921270691728058
9383.690927972284	0.9934185668022907
9384.154388154973	0.9918029588802943
9384.617893722025	0.9968574532768784
9385.081444673442	1.002787126734578
9385.545041009222	1.002961289141519
9386.008682729365	0.9989746948161016
9386.472369833871	0.9983817810413069
9386.936102322743	1.005773743845781
9387.399880195977	1.005441253569368
9387.863703453575	1.006168324026981
9388.327572095537	1.005989805451637
9388.791486121861	1.004955268845361
9389.255445532550	1.003303937412258
9389.719450327604	1.005058638159823
9390.183500507019	1.001658448321394
9390.647596070800	0.9990064262829398
9391.111737018942	1.003829786722275
9391.575923351450	1.000924804100353
9392.040155068320	1.001157981989796
9392.504432169555	1.004306193446344
9392.968754655154	1.003239104161010
9393.433122525115	1.006188122698807
9393.897535779440	1.004150114235724
9394.361994418128	1.002995195290853
9394.826498441182	0.9991558859196015
9395.291047848597	1.003831897633338
9395.755642640377	1.000135777742764
9396.220282816521	0.9999777116826306
9396.684968377029	1.000521612042151
9397.149699321899	1.000555164649094
9397.614475651133	0.9996666080097298
9398.079297364731	0.9995331950055131
9398.544164462694	0.9992666532380245
9399.009076945018	1.005095969769361
9399.474034811708	1.001267080568491
9399.939038062761	1.006144684071810
9400.404086698176	0.9990415727994861
9400.869180717957	1.006801697836096
9401.334320122100	1.006505201372976
9401.799504910607	0.9999587582604808
9402.264735083478	1.002466090964210
9402.730010640713	1.005363139344849
9403.195331582310	1.000631550022026
9403.660697908272	1.001621437484385
9404.126109618597	1.000745667675100
9404.591566713287	1.003620729918816
9405.057069192339	1.007340301136338
9405.522617055756	1.002612670120644
9405.988210303536	1.001388338976978
9406.453848935680	0.9988161020931959
9406.919532952186	1.005049203403262
9407.385262353057	1.009856781719788
9407.851037138293	1.007977612707068
9408.316857307890	1.009631197009476
9408.782722861852	1.009281550910741
9409.248633800176	1.007984307271600
9409.714590122867	1.009581763877273
9410.180591829920	1.012479355987691
9410.646638921335	1.008548889769490
9411.112731397116	1.008206925966743
9411.578869257259	1.005148894553019
9412.045052501766	1.008847059411315
9412.511281130637	1.000376706119461
9412.977555143870	1.001598063057037
9413.443874541470	1.009288789730412
9413.910239323432	1.000276589283739
9414.376649489757	0.9956034507377369
9414.843105040445	1.003947435186868
9415.309605975499	0.9996322445260228
9415.776152294915	0.9973824348776266
9416.242743998695	1.000872423187161
9416.709381086840	0.9984730057208770
9417.176063559345	1.002137784280995
9417.642791416216	0.9992215688146955
9418.109564657450	1.002330471194953
9418.576383283049	0.9919973254492906
9419.043247293012	1.001416469306381
9419.510156687336	1.004401964192795
9419.977111466025	0.9996939299029289
9420.444111629078	1.000106506939580
9420.911157176495	1.001012289120637
9421.378248108274	1.003273143213698
9421.845384424418	0.9984230926169013
9422.312566124925	0.9993251824731817
9422.779793209796	1.001188189493255
9423.247065679032	1.003732926030949
9423.714383532630	1.006343666627181
9424.181746770591	0.9959098163416515
9424.649155392917	0.9947598541986606
9425.116609399605	0.9971404705348562
9425.584108790660	1.006332734761615
9426.051653566075	1.006006893823412
9426.519243725856	1.006441932097137
9426.986879269998	1.003448837985876
9427.454560198506	1.000968632467388
9427.922286511377	0.9854892641477406
9428.390058208612	0.9963017602853521
9428.857875290210	1.000400620222310
9429.325737756171	0.9992270121767950
9429.793645606498	1.001980406037602
9430.261598841187	0.9973852737691870
9430.729597460238	0.9966407533932469
9431.197641463656	0.9964454921114719
9431.665730851435	0.9962882913520748
9432.133865623580	0.9976572301701220
9432.602045780088	0.9920008330870143
9433.070271320958	0.9763644271617733
9433.538542246193	0.9689180249269236
9434.006858555791	0.9752807290813132
9434.475220249753	0.9808650086938306
9434.943627328079	0.9890568928327821
9435.412079790767	0.9794061740589151
9435.880577637820	0.9851508201798329
9436.349120869236	0.9832111313534657
9436.817709485016	0.9813748592983977
9437.286343485160	0.9842605797344517
9437.755022869667	0.9867778141800656
9438.223747638538	0.9902087707744451
9438.692517791773	0.9898687467695433
9439.161333329372	0.9876069442038446
9439.630194251335	0.9885504560177454
9440.099100557660	0.9901383912043598
9440.568052248349	0.9862550974367794
9441.037049323402	0.9858096576178670
9441.506091782818	0.9851791510813266
9441.975179626597	0.9891956504629955
9442.444312854743	0.9914864377081432
9442.913491467249	0.9887997217908475
9443.382715464120	0.9868377450210291
9443.851984845354	0.9839456558812332
9444.321299610954	0.9887149020320336
9444.790659760914	0.9871985107630215
9445.260065295240	0.9873664082668965
9445.729516213930	0.9857231342356478
9446.199012516983	0.9887446819297578
9446.668554204400	0.9911685315241352
9447.138141276180	0.9903826405127734
9447.607773732323	0.9892635091436881
9448.077451572832	0.9915171864784045
9448.547174797703	0.9989753559009198
9449.016943406936	0.9945280563405654
9449.486757400535	0.9935486883660947
9449.956616778498	0.9940762126263908
9450.426521540823	0.9948893235800905
9450.896471687513	0.9939108372243274
9451.366467218564	0.9911612409378828
9451.836508133982	0.9981090142486913
9452.306594433761	0.9903367493016569
9452.776726117905	0.9847910681843741
9453.246903186413	0.9792668499062406
9453.717125639283	0.9834942537430569
9454.187393476519	0.9743033608076805
9454.657706698117	0.9747170557565968
9455.128065304080	0.9727312187068735
9455.598469294404	0.9668336465338672
9456.068918669094	0.9653920602563111
9456.539413428147	0.9678817653892623
9457.009953571564	0.9673960898050271
9457.480539099344	0.9761394350413974
9457.951170011487	0.9838650284657985
9458.421846307994	0.9911855083461193
9458.892567988867	0.9937318933851026
9459.363335054100	1.004026391106124
9459.834147503700	1.000727338859008
9460.305005337661	0.9978549587346071
9460.775908555986	1.004797469657416
9461.246857158676	1.011244102193875
9461.717851145730	1.012096880513428
9462.188890517145	1.005399094059037
9462.659975272927	1.005082855963573
9463.131105413070	1.003379760542602
9463.602280937577	1.003751052566048
9464.073501846450	1.001603280659180
9464.544768139684	1.006257683025692
9465.016079817282	1.005164655996796
9465.487436879244	1.002822033521184
9465.958839325569	1.007181133811495
9466.430287156260	1.005738579344450
9466.901780371312	1.004768907149618
9467.373318970729	1.001945986695784
9467.844902954508	1.002435306216881
9468.316532322653	1.003304834084790
9468.788207075160	1.003116652889114
9469.259927212031	1.008163311859387
9469.731692733267	1.005050104229860
9470.203503638864	1.005450718042011
9470.675359928828	1.007826528555787
9471.147261603153	1.007712570015926
9471.619208661843	0.9976096573259489
9472.091201104895	1.003300418858589
9472.563238932311	0.9926835292746354
9473.035322144093	0.9966757360758371
9473.507450740237	1.001054499501248
9473.979624720743	1.000197852964735
9474.451844085615	0.9986352080386506
9474.924108834850	0.9966168213411125
9475.396418968448	1.001686485148622
9475.868774486411	1.003657007971371
9476.341175388736	1.001576003162362
9476.813621675425	1.005678582537241
9477.286113346480	1.005101541085450
9477.758650401895	1.004968675975454
9478.231232841676	1.002838217161134
9478.703860665819	0.9994433230696426
9479.176533874328	0.9971595107499776
9479.649252467198	1.003207175442721
9480.122016444433	1.003704244226005
9480.594825806033	1.000633325510683
9481.067680551994	1.003475777727128
9481.540580682320	1.000770242745525
9482.013526197010	1.003311441020384
9482.486517096062	1.001100800334193
9482.959553379478	1.006679289950055
9483.432635047258	1.002129371996411
9483.905762099403	1.001722398302778
9484.378934535911	0.9998097334284368
9484.852152356782	0.9976849891320634
9485.325415562018	1.001691313397108
9485.798724151615	1.001702884757181
9486.272078125578	1.004248954842666
9486.745477483904	1.001104474906968
9487.218922226593	1.001221052178673
9487.692412353646	1.004206550001557
9488.165947865064	0.9993924067373777
9488.639528760843	0.9996995685233118
9489.113155040988	0.9969846876894264
9489.586826705496	1.000693823872153
9490.060543754367	1.000868872812224
9490.534306187601	1.002343406353643
9491.008114005199	0.9981238213444354
9491.481967207163	1.001049667295932
9491.955865793489	1.001569245805299
9492.429809764177	1.003856152193044
9492.903799119230	0.9983874359276885
9493.377833858647	1.001953030706385
9493.851913982428	1.006644408064949
9494.326039490572	1.005231465452850
9494.800210383079	1.002473245576640
9495.274426659951	1.004193443450156
9495.748688321186	1.008676137930549
9496.222995366785	1.008732716767046
9496.697347796746	1.008444154468758
9497.171745611073	1.002219049236419
9497.646188809762	1.003919161961374
9498.120677392815	1.004312952723312
9498.595211360232	1.005397759924272
9499.069790712012	1.003696926181083
9499.544415448156	1.003775723552512
9500.019085568663	1.008646841836375
9500.493801073535	1.004065033488702
9500.968561962770	1.003166451045861
9501.443368236369	1.003661424741969
9501.918219894330	1.000238419029095
9502.393116936657	1.006357242086412
9502.868059363347	0.9971423431200281
9503.343047174400	1.006207975408240
9503.818080369816	0.9996418044722101
9504.293158949597	1.001920600104309
9504.768282913741	1.002207695481361
9505.243452262250	0.9988337489785984
9505.718666995120	0.9986763733373678
9506.193927112356	1.004084790267616
9506.669232613955	1.002107209839327
9507.144583499916	1.005207248173363
9507.619979770243	1.005733761403429
9508.095421424932	1.001884716879513
9508.570908463986	1.000703360717044
9509.046440887401	1.003819111733942
9509.522018695183	0.9952793049929011
9509.997641887327	0.9935510665933517
9510.473310463834	1.007761409795671
9510.949024424706	0.9990052770955107
9511.424783769940	1.003292509497089
9511.900588499540	1.002685981445760
9512.376438613503	1.000894696548755
9512.852334111827	1.002279905452517
9513.328274994517	0.9968778134840499
9513.804261261570	1.000715531072504
9514.280292912988	1.001016771659160
9514.756369948767	0.9974162779992434
9515.232492368912	0.9973411236142293
9515.708660173420	1.004259672698036
9516.184873362292	1.000410281636696
9516.661131935527	0.9913848528632099
9517.137435893126	0.9974075870794068
9517.613785235088	1.001200886642439
9518.090179961413	0.9998315421052013
9518.566620072103	1.001197004218844
9519.043105567156	1.003040845516597
9519.519636446574	1.001311091400397
9519.996212710354	0.9989719597547337
9520.472834358497	1.002585899311804
9520.949501391005	1.001331201172457
9521.426213807878	1.002636386806511
9521.902971609114	1.002314854426363
9522.379774794712	1.002145062036496
9522.856623364674	1.001505577711614
9523.333517318999	1.004064055962336
9523.810456657690	1.003340897525757
9524.287441380742	1.003143429330434
9524.764471488159	0.9976010813056884
9525.241546979940	0.9993770140015410
9525.718667856085	0.9985724468319086
9526.195834116592	1.000236497636567
9526.673045761463	1.002838519030915
9527.150302790698	0.9950960024350485
9527.627605204298	0.9987814622214493
9528.104953002261	1.002528810286669
9528.582346184587	0.9990470697681705
9529.059784751276	1.000829020010059
9529.537268702330	1.000966387273227
9530.014798037746	0.9993217400736243
9530.492372757526	1.000658698183719
9530.969992861672	1.006709405708530
9531.447658350178	1.005613675922122
9531.925369223050	1.001503270889490
9532.403125480285	1.004619915287115
9532.880927121885	1.000359699431552
9533.358774147848	1.011320845266230
9533.836666558173	1.003774799045859
9534.314604352863	1.005016597841982
9534.792587531916	1.004188990320206
9535.270616095333	1.005087139934882
9535.748690043114	1.000539536812392
9536.226809375257	0.9968439120915447
9536.704974091766	0.9986621057018640
9537.183184192638	1.003481218449716
9537.661439677873	1.002427534553726
9538.139740547470	1.002784161621414
9538.618086801434	1.004648240369697
9539.096478439760	1.008382030553321
9539.574915462450	1.006159102305192
9540.053397869504	1.003612641495812
9540.531925660920	1.002920835704332
9541.010498836700	1.002784908866394
9541.489117396844	1.005384172354054
9541.967781341353	1.004708475087902
9542.446490670225	1.007445705660988
9542.925245383460	1.005700284824846
9543.404045481058	1.005857967539174
9543.882890963021	1.000463590586973
9544.361781829348	1.004290409265572
9544.840718080037	1.003169920975886
9545.319699715090	1.007550655894714
9545.798726734507	1.003641061954788
9546.277799138288	1.008216742182509
9546.756916926432	1.005587411675061
9547.236080098940	1.003496155655130
9547.715288655812	1.002368115784612
9548.194542597048	1.005440473911650
9548.673841922646	1.002660214585708
9549.153186632610	1.006368010466198
9549.632576726935	1.008485884436840
