 Structure from AMSCIFDB, AMS_ID: 11639         Feff8L (EXAFS)       0.1
 Mineral Name: Tenorite
 Journal: Crystal Structures 1, pp. 85-237 (1963)
 Authors: Wyckoff R W G
 Title1:  Second edition. Interscience Publishers, New York, New York
 Formula:    CuO
 SpaceGroup: C2/
 # sites:    4
 POT  Non-SCF, core-hole, AFOLP (folp(0)= 1.150)
 Abs   Z=29 Rmt= 1.251 Rnm= 1.384 K  shell
 Pot 1 Z=29 Rmt= 1.220 Rnm= 1.310
 Pot 2 Z= 8 Rmt= 1.010 Rnm= 1.094
 Gam_ch=1.729E+00 H-L exch
 Mu= 1.441E+00 kf=2.152E+00 Vint=-1.621E+01 Rs_int= 1.685
 PATH  Rmax= 7.000,  Keep_limit= 0.00, Heap_limit 0.00  Pwcrit= 2.50%
 Path  165      icalc       2
 -----------------------------------------------------------------------
   2   2.000   6.1798    2.2778    1.44146 nleg, deg, reff, rnrmav(bohr), edge
        x         y         z   pot at#
    -0.0000   -0.0000   -0.0000  0  29 Cu       absorbing atom
    -1.1474    4.5489    4.0226  2   8 O
    k   real[2*phc]   mag[feff]  phase[feff] red factor   lambda     real[p]@#
 -0.000  3.7098E+00  3.3741E-05 -4.8031E+00  1.002E+00  1.8974E+01  2.1528E+00
  0.100  3.7097E+00  4.4269E-02 -6.0134E+00  1.002E+00  1.8993E+01  2.1551E+00
  0.200  3.7095E+00  8.8274E-02 -7.1696E+00  1.002E+00  1.9050E+01  2.1617E+00
  0.300  3.7090E+00  1.3176E-01 -8.2732E+00  1.003E+00  1.9140E+01  2.1728E+00
  0.400  3.7081E+00  1.7449E-01 -9.3249E+00  1.003E+00  1.9256E+01  2.1881E+00
  0.500  3.7067E+00  2.1625E-01 -1.0326E+01  1.004E+00  1.9388E+01  2.2077E+00
  0.600  3.7046E+00  2.5688E-01 -1.1276E+01  1.005E+00  1.9523E+01  2.2315E+00
  0.700  3.7015E+00  2.9621E-01 -1.2178E+01  1.006E+00  1.9648E+01  2.2593E+00
  0.800  3.6973E+00  3.3415E-01 -1.3033E+01  1.008E+00  1.9747E+01  2.2910E+00
  0.900  3.6916E+00  3.7060E-01 -1.3842E+01  1.009E+00  1.9805E+01  2.3264E+00
  1.000  3.6842E+00  4.0551E-01 -1.4606E+01  1.011E+00  1.9807E+01  2.3656E+00
  1.100  3.6749E+00  4.3883E-01 -1.5327E+01  1.013E+00  1.9742E+01  2.4082E+00
  1.200  3.6633E+00  4.7052E-01 -1.6006E+01  1.015E+00  1.9600E+01  2.4543E+00
  1.300  3.6493E+00  5.0058E-01 -1.6644E+01  1.018E+00  1.9377E+01  2.5037E+00
  1.400  3.6324E+00  5.2895E-01 -1.7242E+01  1.021E+00  1.9075E+01  2.5564E+00
  1.500  3.6125E+00  5.5560E-01 -1.7801E+01  1.024E+00  1.8699E+01  2.6122E+00
  1.600  3.5894E+00  5.8046E-01 -1.8321E+01  1.028E+00  1.8261E+01  2.6711E+00
  1.700  3.5627E+00  6.0345E-01 -1.8803E+01  1.031E+00  1.7774E+01  2.7331E+00
  1.800  3.5322E+00  6.2443E-01 -1.9247E+01  1.036E+00  1.7256E+01  2.7982E+00
  1.900  3.4976E+00  6.4326E-01 -1.9653E+01  1.040E+00  1.6727E+01  2.8663E+00
  2.000  3.4587E+00  6.5972E-01 -2.0020E+01  1.045E+00  1.6205E+01  2.9376E+00
  2.200  3.3668E+00  6.8453E-01 -2.0636E+01  1.054E+00  1.5262E+01  3.0896E+00
  2.400  3.2553E+00  6.9552E-01 -2.1074E+01  1.060E+00  1.4577E+01  3.2568E+00
  2.600  3.0816E+00  7.1822E-01 -2.1251E+01  1.110E+00  1.0450E+01  3.4497E+00
  2.800  3.0067E+00  7.7183E-01 -2.1857E+01  1.209E+00  7.2300E+00  3.6003E+00
  3.000  2.9777E+00  7.9870E-01 -2.2646E+01  1.244E+00  6.3446E+00  3.7316E+00
  3.200  2.9253E+00  8.0185E-01 -2.3319E+01  1.262E+00  5.9076E+00  3.8734E+00
  3.400  2.8617E+00  7.8804E-01 -2.3920E+01  1.259E+00  5.7029E+00  4.0214E+00
  3.600  2.7897E+00  7.5959E-01 -2.4464E+01  1.253E+00  5.6263E+00  4.1746E+00
  3.800  2.7127E+00  7.2203E-01 -2.4958E+01  1.240E+00  5.6304E+00  4.3325E+00
  4.000  2.6314E+00  6.7902E-01 -2.5411E+01  1.224E+00  5.6904E+00  4.4947E+00
  4.200  2.5476E+00  6.3370E-01 -2.5827E+01  1.210E+00  5.7914E+00  4.6607E+00
  4.400  2.4628E+00  5.8778E-01 -2.6212E+01  1.192E+00  5.9242E+00  4.8300E+00
  4.600  2.3763E+00  5.4353E-01 -2.6568E+01  1.176E+00  6.0827E+00  5.0023E+00
  4.800  2.2887E+00  5.0215E-01 -2.6896E+01  1.161E+00  6.2624E+00  5.1773E+00
  5.000  2.2009E+00  4.6411E-01 -2.7203E+01  1.147E+00  6.4603E+00  5.3547E+00
  5.200  2.1124E+00  4.2928E-01 -2.7485E+01  1.134E+00  6.6741E+00  5.5341E+00
  5.400  2.0232E+00  3.9741E-01 -2.7745E+01  1.121E+00  6.9018E+00  5.7154E+00
  5.600  1.9334E+00  3.6799E-01 -2.7986E+01  1.109E+00  7.1421E+00  5.8984E+00
  5.800  1.8428E+00  3.4084E-01 -2.8210E+01  1.099E+00  7.3940E+00  6.0828E+00
  6.000  1.7518E+00  3.1586E-01 -2.8416E+01  1.086E+00  7.6564E+00  6.2685E+00
  6.500  1.5247E+00  2.6143E-01 -2.8878E+01  1.062E+00  8.3539E+00  6.7377E+00
  7.000  1.3033E+00  2.1770E-01 -2.9285E+01  1.039E+00  9.1040E+00  7.2125E+00
  7.500  1.0927E+00  1.8463E-01 -2.9663E+01  1.022E+00  9.9009E+00  7.6917E+00
  8.000  8.9376E-01  1.6056E-01 -3.0013E+01  1.008E+00  1.0740E+01  8.1742E+00
  8.500  7.0536E-01  1.4190E-01 -3.0320E+01  9.982E-01  1.1618E+01  8.6593E+00
  9.000  5.1855E-01  1.2523E-01 -3.0584E+01  9.891E-01  1.2533E+01  9.1466E+00
  9.500  3.4074E-01  1.0939E-01 -3.0813E+01  9.802E-01  1.3483E+01  9.6356E+00
 10.000  1.6837E-01  9.5385E-02 -3.1028E+01  9.701E-01  1.4465E+01  1.0126E+01
 11.000 -1.5748E-01  7.6883E-02 -3.1442E+01  9.529E-01  1.6523E+01  1.1110E+01
 12.000 -4.6158E-01  6.4931E-02 -3.1787E+01  9.428E-01  1.8699E+01  1.2098E+01
 13.000 -7.4747E-01  5.2513E-02 -3.2080E+01  9.362E-01  2.0985E+01  1.3088E+01
 14.000 -1.0085E+00  4.3936E-02 -3.2374E+01  9.326E-01  2.3374E+01  1.4079E+01
 15.000 -1.2520E+00  3.8933E-02 -3.2655E+01  9.312E-01  2.5864E+01  1.5073E+01
 16.000 -1.4798E+00  3.3397E-02 -3.2975E+01  9.305E-01  2.8448E+01  1.6067E+01
 17.000 -1.6904E+00  2.9941E-02 -3.3365E+01  9.308E-01  3.1124E+01  1.7062E+01
 18.000 -1.8886E+00  2.9374E-02 -3.3719E+01  9.316E-01  3.3887E+01  1.8057E+01
 19.000 -2.0741E+00  2.8912E-02 -3.4034E+01  9.325E-01  3.6734E+01  1.9054E+01
 20.000 -2.2476E+00  2.8666E-02 -3.4298E+01  9.337E-01  3.9664E+01  2.0050E+01
