 Structure from AMSCIFDB, AMS_ID: 11639         Feff8L (EXAFS)       0.1
 Mineral Name: Tenorite
 Journal: Crystal Structures 1, pp. 85-237 (1963)
 Authors: Wyckoff R W G
 Title1:  Second edition. Interscience Publishers, New York, New York
 Formula:    CuO
 SpaceGroup: C2/
 # sites:    4
 POT  Non-SCF, core-hole, AFOLP (folp(0)= 1.150)
 Abs   Z=29 Rmt= 1.251 Rnm= 1.384 K  shell
 Pot 1 Z=29 Rmt= 1.220 Rnm= 1.310
 Pot 2 Z= 8 Rmt= 1.010 Rnm= 1.094
 Gam_ch=1.729E+00 H-L exch
 Mu= 1.441E+00 kf=2.152E+00 Vint=-1.621E+01 Rs_int= 1.685
 PATH  Rmax= 7.000,  Keep_limit= 0.00, Heap_limit 0.00  Pwcrit= 2.50%
 Path   70      icalc       2
 -----------------------------------------------------------------------
   3   4.000   4.8892    2.2778    1.44146 nleg, deg, reff, rnrmav(bohr), edge
        x         y         z   pot at#
    -0.0000   -0.0000   -0.0000  0  29 Cu       absorbing atom
    -1.1474   -2.2711    4.0226  2   8 O
    -0.0000   -1.7050    2.5540  1  29 Cu
    k   real[2*phc]   mag[feff]  phase[feff] red factor   lambda     real[p]@#
 -0.000  3.7098E+00  1.3214E-05 -6.1721E-01  1.002E+00  1.8974E+01  2.1528E+00
  0.100  3.7097E+00  1.7318E-02 -1.5762E+00  1.002E+00  1.8993E+01  2.1551E+00
  0.200  3.7095E+00  3.4423E-02 -2.4956E+00  1.002E+00  1.9050E+01  2.1617E+00
  0.300  3.7090E+00  5.1121E-02 -3.3763E+00  1.003E+00  1.9140E+01  2.1728E+00
  0.400  3.7081E+00  6.7253E-02 -4.2188E+00  1.003E+00  1.9256E+01  2.1881E+00
  0.500  3.7067E+00  8.2703E-02 -5.0238E+00  1.004E+00  1.9388E+01  2.2077E+00
  0.600  3.7046E+00  9.7402E-02 -5.7920E+00  1.005E+00  1.9523E+01  2.2315E+00
  0.700  3.7015E+00  1.1132E-01 -6.5242E+00  1.006E+00  1.9648E+01  2.2593E+00
  0.800  3.6973E+00  1.2448E-01 -7.2211E+00  1.008E+00  1.9747E+01  2.2910E+00
  0.900  3.6916E+00  1.3688E-01 -7.8837E+00  1.009E+00  1.9805E+01  2.3264E+00
  1.000  3.6842E+00  1.4856E-01 -8.5128E+00  1.011E+00  1.9807E+01  2.3656E+00
  1.100  3.6749E+00  1.5956E-01 -9.1092E+00  1.013E+00  1.9742E+01  2.4082E+00
  1.200  3.6633E+00  1.6993E-01 -9.6736E+00  1.015E+00  1.9600E+01  2.4543E+00
  1.300  3.6493E+00  1.7968E-01 -1.0207E+01  1.018E+00  1.9377E+01  2.5037E+00
  1.400  3.6324E+00  1.8884E-01 -1.0709E+01  1.021E+00  1.9075E+01  2.5564E+00
  1.500  3.6125E+00  1.9741E-01 -1.1182E+01  1.024E+00  1.8699E+01  2.6122E+00
  1.600  3.5894E+00  2.0537E-01 -1.1624E+01  1.028E+00  1.8261E+01  2.6711E+00
  1.700  3.5627E+00  2.1271E-01 -1.2037E+01  1.031E+00  1.7774E+01  2.7331E+00
  1.800  3.5322E+00  2.1939E-01 -1.2421E+01  1.036E+00  1.7256E+01  2.7982E+00
  1.900  3.4976E+00  2.2537E-01 -1.2776E+01  1.040E+00  1.6727E+01  2.8663E+00
  2.000  3.4587E+00  2.3059E-01 -1.3102E+01  1.045E+00  1.6205E+01  2.9376E+00
  2.200  3.3668E+00  2.3847E-01 -1.3664E+01  1.054E+00  1.5262E+01  3.0896E+00
  2.400  3.2553E+00  2.4067E-01 -1.4104E+01  1.060E+00  1.4577E+01  3.2568E+00
  2.600  3.0816E+00  2.7037E-01 -1.4323E+01  1.110E+00  1.0450E+01  3.4497E+00
  2.800  3.0067E+00  2.8274E-01 -1.4784E+01  1.209E+00  7.2300E+00  3.6003E+00
  3.000  2.9777E+00  2.6395E-01 -1.5441E+01  1.244E+00  6.3446E+00  3.7316E+00
  3.200  2.9253E+00  2.4427E-01 -1.6041E+01  1.262E+00  5.9076E+00  3.8734E+00
  3.400  2.8617E+00  2.2359E-01 -1.6605E+01  1.259E+00  5.7029E+00  4.0214E+00
  3.600  2.7897E+00  2.0492E-01 -1.7140E+01  1.253E+00  5.6263E+00  4.1746E+00
  3.800  2.7127E+00  1.8840E-01 -1.7643E+01  1.240E+00  5.6304E+00  4.3325E+00
  4.000  2.6314E+00  1.7478E-01 -1.8108E+01  1.224E+00  5.6904E+00  4.4947E+00
  4.200  2.5476E+00  1.6249E-01 -1.8533E+01  1.210E+00  5.7914E+00  4.6607E+00
  4.400  2.4628E+00  1.5075E-01 -1.8922E+01  1.192E+00  5.9242E+00  4.8300E+00
  4.600  2.3763E+00  1.3905E-01 -1.9275E+01  1.176E+00  6.0827E+00  5.0023E+00
  4.800  2.2887E+00  1.2736E-01 -1.9598E+01  1.161E+00  6.2624E+00  5.1773E+00
  5.000  2.2009E+00  1.1569E-01 -1.9898E+01  1.147E+00  6.4603E+00  5.3547E+00
  5.200  2.1124E+00  1.0423E-01 -2.0177E+01  1.134E+00  6.6741E+00  5.5341E+00
  5.400  2.0232E+00  9.3349E-02 -2.0437E+01  1.121E+00  6.9018E+00  5.7154E+00
  5.600  1.9334E+00  8.3004E-02 -2.0682E+01  1.109E+00  7.1421E+00  5.8984E+00
  5.800  1.8428E+00  7.3311E-02 -2.0913E+01  1.099E+00  7.3940E+00  6.0828E+00
  6.000  1.7518E+00  6.4342E-02 -2.1132E+01  1.086E+00  7.6564E+00  6.2685E+00
  6.500  1.5247E+00  4.4419E-02 -2.1636E+01  1.062E+00  8.3539E+00  6.7377E+00
  7.000  1.3033E+00  2.7841E-02 -2.2130E+01  1.039E+00  9.1040E+00  7.2125E+00
  7.500  1.0927E+00  1.5419E-02 -2.2747E+01  1.022E+00  9.9009E+00  7.6917E+00
  8.000  8.9376E-01  8.9471E-03 -2.3717E+01  1.008E+00  1.0740E+01  8.1742E+00
  8.500  7.0536E-01  8.6449E-03 -2.4779E+01  9.982E-01  1.1618E+01  8.6593E+00
  9.000  5.1855E-01  1.0120E-02 -2.5490E+01  9.891E-01  1.2533E+01  9.1466E+00
  9.500  3.4074E-01  1.1492E-02 -2.5995E+01  9.802E-01  1.3483E+01  9.6356E+00
 10.000  1.6837E-01  1.2715E-02 -2.6392E+01  9.701E-01  1.4465E+01  1.0126E+01
 11.000 -1.5748E-01  1.4730E-02 -2.6958E+01  9.529E-01  1.6523E+01  1.1110E+01
 12.000 -4.6158E-01  1.5068E-02 -2.7409E+01  9.428E-01  1.8699E+01  1.2098E+01
 13.000 -7.4747E-01  1.4048E-02 -2.7853E+01  9.362E-01  2.0985E+01  1.3088E+01
 14.000 -1.0085E+00  1.2506E-02 -2.8304E+01  9.326E-01  2.3374E+01  1.4079E+01
 15.000 -1.2520E+00  1.0207E-02 -2.8776E+01  9.312E-01  2.5864E+01  1.5073E+01
 16.000 -1.4798E+00  6.6796E-03 -2.9363E+01  9.305E-01  2.8448E+01  1.6067E+01
 17.000 -1.6904E+00  2.9285E-03 -3.0403E+01  9.308E-01  3.1124E+01  1.7062E+01
 18.000 -1.8886E+00  2.9110E-03 -3.2477E+01  9.316E-01  3.3887E+01  1.8057E+01
 19.000 -2.0741E+00  5.3073E-03 -3.3419E+01  9.325E-01  3.6734E+01  1.9054E+01
 20.000 -2.2476E+00  6.6776E-03 -3.3965E+01  9.337E-01  3.9664E+01  2.0050E+01
