 Structure from AMSCIFDB, AMS_ID: 11639         Feff8L (EXAFS)       0.1
 Mineral Name: Tenorite
 Journal: Crystal Structures 1, pp. 85-237 (1963)
 Authors: Wyckoff R W G
 Title1:  Second edition. Interscience Publishers, New York, New York
 Formula:    CuO
 SpaceGroup: C2/
 # sites:    4
 POT  Non-SCF, core-hole, AFOLP (folp(0)= 1.150)
 Abs   Z=29 Rmt= 1.251 Rnm= 1.384 K  shell
 Pot 1 Z=29 Rmt= 1.220 Rnm= 1.310
 Pot 2 Z= 8 Rmt= 1.010 Rnm= 1.094
 Gam_ch=1.729E+00 H-L exch
 Mu= 1.441E+00 kf=2.152E+00 Vint=-1.621E+01 Rs_int= 1.685
 PATH  Rmax= 7.000,  Keep_limit= 0.00, Heap_limit 0.00  Pwcrit= 2.50%
 -----------------------------------------------------------------------
    file        sig2   amp ratio    deg    nlegs  r effective
 feff0001.dat 0.00000   100.000     2.000     2   1.9472
 feff0002.dat 0.00000    99.940     2.000     2   1.9477
 feff0003.dat 0.00000    44.170     2.000     2   2.7663
 feff0004.dat 0.00000    85.010     4.000     2   2.8844
 feff0005.dat 0.00000    73.660     4.000     2   3.0708
 feff0006.dat 0.00000    34.480     2.000     2   3.1588
 feff0007.dat 0.00000     9.315     4.000     3   3.2562
 feff0008.dat 0.00000     7.494     4.000     3   3.3897
 feff0009.dat 0.00000     6.461     4.000     3   3.3897
 feff0010.dat 0.00000     6.461     4.000     3   3.3897
 feff0011.dat 0.00000    26.360     2.000     2   3.4002
 feff0012.dat 0.00000    28.750     2.000     2   3.4100
 feff0013.dat 0.00000     9.138     4.000     3   3.4829
 feff0014.dat 0.00000     9.138     4.000     3   3.4829
 feff0015.dat 0.00000    10.680     4.000     3   3.5267
 feff0016.dat 0.00000    23.440     2.000     2   3.5583
 feff0017.dat 0.00000    23.120     2.000     2   3.7273
 feff0018.dat 0.00000    24.280     4.000     3   3.8114
 feff0019.dat 0.00000    18.950     2.000     2   3.8577
 feff0020.dat 0.00000    15.720     2.000     3   3.8945
 feff0021.dat 0.00000     7.779     2.000     4   3.8945
 feff0022.dat 0.00000     5.671     2.000     4   3.8945
 feff0026.dat 0.00000    15.700     2.000     3   3.8954
 feff0027.dat 0.00000     7.770     2.000     4   3.8954
 feff0028.dat 0.00000     5.666     2.000     4   3.8954
 feff0029.dat 0.00000     8.874     2.000     4   3.8954
 feff0030.dat 0.00000     3.866     4.000     3   4.0345
 feff0031.dat 0.00000     3.707     4.000     3   4.0618
 feff0032.dat 0.00000     3.118     4.000     3   4.0618
 feff0033.dat 0.00000    16.410     2.000     2   4.0711
 feff0034.dat 0.00000     4.817     4.000     3   4.1159
 feff0035.dat 0.00000     4.780     4.000     3   4.1950
 feff0036.dat 0.00000     7.661     4.000     3   4.2112
 feff0037.dat 0.00000     4.162     4.000     3   4.2657
 feff0038.dat 0.00000    13.840     2.000     2   4.3353
 feff0039.dat 0.00000    13.360     2.000     2   4.3912
 feff0040.dat 0.00000    17.650     4.000     3   4.4502
 feff0041.dat 0.00000     2.928     4.000     3   4.4516
 feff0042.dat 0.00000     6.082     4.000     3   4.4516
 feff0043.dat 0.00000     5.136     4.000     3   4.4516
 feff0044.dat 0.00000    12.340     2.000     2   4.5199
 feff0045.dat 0.00000    12.330     2.000     2   4.5205
 feff0046.dat 0.00000     7.403     2.000     4   4.5652
 feff0048.dat 0.00000    26.250     4.000     2   4.6483
 feff0049.dat 0.00000    13.090     2.000     2   4.6530
 feff0050.dat 0.00000     6.043     4.000     3   4.6757
 feff0051.dat 0.00000    12.410     4.000     3   4.6757
 feff0052.dat 0.00000     6.271     4.000     3   4.6757
 feff0053.dat 0.00000     6.042     4.000     3   4.6763
 feff0054.dat 0.00000    12.410     4.000     3   4.6763
 feff0055.dat 0.00000     6.270     4.000     3   4.6763
 feff0056.dat 0.00000     2.996     4.000     3   4.6769
 feff0057.dat 0.00000     4.537     4.000     3   4.6769
 feff0058.dat 0.00000    23.580     4.000     3   4.6809
 feff0059.dat 0.00000    22.000     4.000     3   4.6809
 feff0060.dat 0.00000    11.270     2.000     4   4.7135
 feff0061.dat 0.00000    10.100     2.000     4   4.7135
 feff0062.dat 0.00000    10.680     2.000     2   4.7592
 feff0063.dat 0.00000    10.680     2.000     2   4.7598
 feff0064.dat 0.00000    10.340     2.000     2   4.8153
 feff0065.dat 0.00000     4.671     2.000     4   4.8316
 feff0066.dat 0.00000     4.671     2.000     4   4.8321
 feff0067.dat 0.00000     3.473     4.000     4   4.8316
 feff0068.dat 0.00000     3.474     4.000     4   4.8321
 feff0069.dat 0.00000     9.995     2.000     2   4.8732
 feff0070.dat 0.00000     3.686     4.000     3   4.8744
 feff0071.dat 0.00000     5.918     4.000     3   4.8886
 feff0072.dat 0.00000     6.238     4.000     3   4.8886
 feff0073.dat 0.00000     5.917     4.000     3   4.8892
 feff0074.dat 0.00000     6.238     4.000     3   4.8892
 feff0075.dat 0.00000     5.858     4.000     3   4.9896
 feff0076.dat 0.00000     6.323     4.000     3   4.9896
 feff0078.dat 0.00000     4.572     4.000     3   5.0394
 feff0079.dat 0.00000    21.010     4.000     2   5.0518
 feff0080.dat 0.00000     5.452     4.000     3   5.0715
 feff0081.dat 0.00000     2.986     4.000     3   5.0795
 feff0082.dat 0.00000     3.197     4.000     3   5.0863
 feff0083.dat 0.00000     5.973     4.000     3   5.0863
 feff0084.dat 0.00000     3.721     4.000     3   5.0863
 feff0085.dat 0.00000    10.200     2.000     2   5.1080
 feff0086.dat 0.00000     6.357     4.000     3   5.1999
 feff0087.dat 0.00000     5.584     4.000     3   5.1999
 feff0088.dat 0.00000    19.310     4.000     2   5.2121
 feff0089.dat 0.00000     4.643     4.000     3   5.2320
 feff0090.dat 0.00000     8.063     2.000     2   5.2544
 feff0091.dat 0.00000     2.822     4.000     3   5.2624
 feff0092.dat 0.00000    15.890     4.000     3   5.2786
 feff0095.dat 0.00000     8.110     2.000     4   5.3028
 feff0096.dat 0.00000     7.841     2.000     2   5.3057
 feff0099.dat 0.00000     2.778     4.000     3   5.3575
 feff0101.dat 0.00000     5.934     4.000     3   5.3588
 feff0102.dat 0.00000     5.139     4.000     3   5.3588
 feff0103.dat 0.00000     3.087     4.000     3   5.4567
 feff0104.dat 0.00000     2.932     4.000     3   5.4567
 feff0105.dat 0.00000     3.395     4.000     3   5.4567
 feff0106.dat 0.00000     3.319     4.000     3   5.4782
 feff0107.dat 0.00000     3.574     4.000     3   5.4782
 feff0108.dat 0.00000     7.029     4.000     3   5.4782
 feff0109.dat 0.00000     2.923     8.000     3   5.5035
 feff0110.dat 0.00000     2.878     8.000     3   5.5035
 feff0113.dat 0.00000     7.023     2.000     2   5.5110
 feff0114.dat 0.00000    16.470     4.000     2   5.5224
 feff0115.dat 0.00000     4.177     2.000     3   5.5325
 feff0116.dat 0.00000    15.700     4.000     2   5.6192
 feff0117.dat 0.00000     6.634     2.000     2   5.6195
 feff0118.dat 0.00000     2.794     8.000     3   5.6276
 feff0119.dat 0.00000     2.993     8.000     3   5.6276
 feff0120.dat 0.00000     2.922     8.000     3   5.6276
 feff0121.dat 0.00000     7.878     4.000     3   5.6378
 feff0122.dat 0.00000     5.427     4.000     3   5.6473
 feff0123.dat 0.00000     8.604     4.000     3   5.6473
 feff0124.dat 0.00000     5.622     4.000     3   5.6637
 feff0125.dat 0.00000     5.310     4.000     3   5.6637
 feff0126.dat 0.00000     4.480     4.000     3   5.6637
 feff0127.dat 0.00000     3.100     4.000     3   5.6740
 feff0128.dat 0.00000     3.334     4.000     3   5.6740
 feff0129.dat 0.00000    14.960     4.000     2   5.7172
 feff0130.dat 0.00000     7.974     4.000     3   5.7314
 feff0131.dat 0.00000     3.958     4.000     4   5.7314
 feff0132.dat 0.00000     7.172     4.000     4   5.7314
 feff0133.dat 0.00000     2.806     4.000     4   5.7591
 feff0134.dat 0.00000     5.003     4.000     4   5.7591
 feff0135.dat 0.00000     5.103     4.000     5   5.7591
 feff0137.dat 0.00000     3.033     2.000     4   5.7646
 feff0138.dat 0.00000    14.590     4.000     2   5.7687
 feff0139.dat 0.00000     5.665     4.000     3   5.7688
 feff0140.dat 0.00000    32.580     8.000     3   5.7687
 feff0141.dat 0.00000     5.901     4.000     4   5.7688
 feff0143.dat 0.00000    22.200     4.000     4   5.7687
 feff0145.dat 0.00000     3.146     2.000     4   5.8432
 feff0148.dat 0.00000     5.321     4.000     5   5.8432
 feff0150.dat 0.00000     4.719     4.000     3   5.8562
 feff0151.dat 0.00000     5.871     2.000     2   5.8575
 feff0152.dat 0.00000     3.041     8.000     3   5.8760
 feff0153.dat 0.00000     3.153     8.000     3   5.8760
 feff0154.dat 0.00000     3.144     8.000     3   5.8760
 feff0155.dat 0.00000     3.276     4.000     3   5.8928
 feff0158.dat 0.00000     5.757     2.000     2   5.8965
 feff0159.dat 0.00000    13.590     4.000     2   5.9156
 feff0160.dat 0.00000     2.950     4.000     3   5.9418
 feff0161.dat 0.00000     2.768     4.000     3   5.9418
 feff0162.dat 0.00000     3.078     8.000     3   5.9568
 feff0163.dat 0.00000     3.200     8.000     3   5.9568
 feff0164.dat 0.00000     3.165     8.000     3   5.9568
 feff0165.dat 0.00000     9.403     4.000     3   5.9673
 feff0166.dat 0.00000     8.161     4.000     3   5.9673
 feff0168.dat 0.00000     5.473     2.000     2   5.9975
 feff0169.dat 0.00000     2.712     4.000     3   6.0043
 feff0170.dat 0.00000     3.709     2.000     4   6.0189
 feff0171.dat 0.00000     2.986     2.000     4   6.0189
 feff0173.dat 0.00000     2.769     4.000     3   6.0364
 feff0174.dat 0.00000     3.043     4.000     3   6.0364
 feff0175.dat 0.00000     5.710     4.000     3   6.0364
 feff0179.dat 0.00000     3.302     4.000     3   6.1073
 feff0182.dat 0.00000     3.466     8.000     4   6.1182
 feff0184.dat 0.00000     2.822     4.000     3   6.1410
 feff0185.dat 0.00000     5.303     4.000     3   6.1410
 feff0186.dat 0.00000    12.220     4.000     2   6.1416
 feff0187.dat 0.00000     4.474     4.000     3   6.1416
 feff0188.dat 0.00000    25.950     8.000     3   6.1416
 feff0189.dat 0.00000     4.401     4.000     4   6.1416
 feff0190.dat 0.00000    16.860     4.000     4   6.1416
 feff0191.dat 0.00000     3.346     4.000     3   6.1501
 feff0192.dat 0.00000     5.008     2.000     2   6.1782
 feff0193.dat 0.00000     5.004     2.000     2   6.1798
 feff0194.dat 0.00000     4.997     2.000     2   6.1828
 feff0195.dat 0.00000    11.950     4.000     2   6.1908
 feff0198.dat 0.00000     5.374     4.000     3   6.2369
 feff0199.dat 0.00000     8.579     4.000     3   6.2369
 feff0200.dat 0.00000     7.446     4.000     3   6.2369
 feff0202.dat 0.00000     2.688     8.000     3   6.2637
 feff0204.dat 0.00000     4.784     2.000     2   6.2727
 feff0205.dat 0.00000     3.431     2.000     4   6.2830
 feff0206.dat 0.00000     5.185     4.000     4   6.2830
 feff0207.dat 0.00000     2.760     2.000     4   6.2830
 feff0208.dat 0.00000     8.764     4.000     3   6.2943
 feff0210.dat 0.00000     2.725     4.000     3   6.3105
 feff0211.dat 0.00000     5.012     4.000     3   6.3105
 feff0212.dat 0.00000     4.159     2.000     4   6.3160
 feff0213.dat 0.00000     5.636     2.000     2   6.3177
 feff0214.dat 0.00000    11.690     4.000     3   6.3177
 feff0215.dat 0.00000     7.433     2.000     4   6.3177
 feff0217.dat 0.00000     4.217     4.000     4   6.3518
 feff0218.dat 0.00000     3.512     4.000     4   6.3518
 feff0219.dat 0.00000     3.799     4.000     3   6.3917
 feff0220.dat 0.00000     3.017     4.000     4   6.3980
 feff0222.dat 0.00000     4.500     2.000     2   6.4009
 feff0223.dat 0.00000     4.656     4.000     3   6.4006
 feff0224.dat 0.00000     4.654     4.000     3   6.4018
 feff0227.dat 0.00000     3.216     4.000     3   6.4295
 feff0228.dat 0.00000     6.706     4.000     3   6.4381
 feff0229.dat 0.00000     4.416     2.000     2   6.4410
 feff0231.dat 0.00000     2.700     8.000     3   6.4945
 feff0234.dat 0.00000     4.244     2.000     2   6.5257
 feff0235.dat 0.00000     3.147     4.000     4   6.5565
 feff0236.dat 0.00000     3.146     4.000     4   6.5576
 feff0237.dat 0.00000     4.160     2.000     2   6.5684
 feff0240.dat 0.00000     3.484     4.000     3   6.5819
 feff0241.dat 0.00000     5.734     4.000     3   6.5819
 feff0242.dat 0.00000     5.768     4.000     3   6.6146
 feff0243.dat 0.00000     3.270     4.000     4   6.6146
 feff0244.dat 0.00000     5.472     4.000     4   6.6146
 feff0245.dat 0.00000     3.959     4.000     4   6.6281
 feff0246.dat 0.00000     4.390     4.000     5   6.6281
 feff0247.dat 0.00000     3.466     4.000     3   6.6344
 feff0248.dat 0.00000     4.005     4.000     5   6.6608
 feff0249.dat 0.00000     3.958     4.000     3   6.6679
 feff0250.dat 0.00000     3.046     4.000     3   6.6734
 feff0251.dat 0.00000     3.009     4.000     3   6.6774
 feff0252.dat 0.00000     3.923     2.000     2   6.6957
 feff0253.dat 0.00000     3.915     2.000     2   6.6999
 feff0254.dat 0.00000     3.780     2.000     2   6.7770
 feff0255.dat 0.00000     3.771     2.000     2   6.7819
 feff0256.dat 0.00000     4.513     2.000     2   6.8200
 feff0257.dat 0.00000     8.789     4.000     3   6.8200
 feff0258.dat 0.00000     5.262     2.000     4   6.8200
 feff0259.dat 0.00000     3.946     4.000     3   6.8263
 feff0260.dat 0.00000     3.640     2.000     2   6.8606
 feff0262.dat 0.00000     4.306     4.000     3   6.8687
 feff0263.dat 0.00000     3.376     4.000     3   6.8778
 feff0264.dat 0.00000     3.583     2.000     2   6.8958
 feff0266.dat 0.00000     3.054     4.000     3   6.9301
 feff0267.dat 0.00000     2.955     4.000     4   6.9413
 feff0268.dat 0.00000     2.699     4.000     3   6.9951
