PATH  Rmax= 7.000,  Keep_limit= 0.00, Heap_limit 0.00  Pwcrit= 2.50%
 -----------------------------------------------------------------------
  pathindex     sig2   amp ratio    deg    nlegs  r effective
        1     0.00000   100.000     2.000     2   1.9472
        2     0.00000    99.945     2.000     2   1.9477
        3     0.00000    44.174     2.000     2   2.7663
        4     0.00000    85.013     4.000     2   2.8844
        5     0.00000    73.660     4.000     2   3.0708
        6     0.00000    34.483     2.000     2   3.1588
        7     0.00000     9.315     4.000     3   3.2562
        8     0.00000     7.494     4.000     3   3.3897
        9     0.00000     6.461     4.000     3   3.3897
       10     0.00000     6.461     4.000     3   3.3897
       11     0.00000    26.364     2.000     2   3.4002
       12     0.00000    28.748     2.000     2   3.4100
       13     0.00000     9.138     4.000     3   3.4829
       14     0.00000     9.138     4.000     3   3.4829
       15     0.00000    10.680     4.000     3   3.5267
       16     0.00000    23.440     2.000     2   3.5583
       17     0.00000    23.124     2.000     2   3.7273
       18     0.00000    24.284     4.000     3   3.8114
       19     0.00000    18.955     2.000     2   3.8577
       20     0.00000    15.715     2.000     3   3.8945
       21     0.00000     7.779     2.000     4   3.8945
       22     0.00000     5.671     2.000     4   3.8945
       26     0.00000    15.701     2.000     3   3.8954
       27     0.00000     7.770     2.000     4   3.8954
       28     0.00000     5.666     2.000     4   3.8954
       29     0.00000     8.874     2.000     4   3.8954
       30     0.00000     3.866     4.000     3   4.0345
       31     0.00000     3.707     4.000     3   4.0618
       32     0.00000     3.118     4.000     3   4.0618
       33     0.00000    16.412     2.000     2   4.0711
       34     0.00000     4.817     4.000     3   4.1159
       35     0.00000     4.780     4.000     3   4.1950
       36     0.00000     7.661     4.000     3   4.2112
       37     0.00000     4.162     4.000     3   4.2657
       38     0.00000    13.836     2.000     2   4.3353
       39     0.00000    13.358     2.000     2   4.3912
       40     0.00000    17.648     4.000     3   4.4502
       41     0.00000     2.928     4.000     3   4.4516
       42     0.00000     6.082     4.000     3   4.4516
       43     0.00000     5.136     4.000     3   4.4516
       44     0.00000    12.335     2.000     2   4.5199
       45     0.00000    12.331     2.000     2   4.5205
       46     0.00000     7.403     2.000     4   4.5652
       48     0.00000    26.254     4.000     2   4.6483
       49     0.00000    13.091     2.000     2   4.6530
       50     0.00000     6.043     4.000     3   4.6757
       51     0.00000    12.408     4.000     3   4.6757
       52     0.00000     6.271     4.000     3   4.6757
       53     0.00000     6.042     4.000     3   4.6763
       54     0.00000    12.408     4.000     3   4.6763
       55     0.00000     6.270     4.000     3   4.6763
       56     0.00000     2.996     4.000     3   4.6769
       57     0.00000     4.537     4.000     3   4.6769
       58     0.00000    23.581     4.000     3   4.6809
       59     0.00000    22.004     4.000     3   4.6809
       60     0.00000    11.269     2.000     4   4.7135
       61     0.00000    10.100     2.000     4   4.7135
       62     0.00000    10.683     2.000     2   4.7592
       63     0.00000    10.680     2.000     2   4.7598
       64     0.00000    10.337     2.000     2   4.8153
       65     0.00000     4.671     2.000     4   4.8316
       66     0.00000     4.671     2.000     4   4.8321
       67     0.00000     3.473     4.000     4   4.8316
       68     0.00000     3.474     4.000     4   4.8321
       69     0.00000     9.995     2.000     2   4.8732
       70     0.00000     3.686     4.000     3   4.8744
       71     0.00000     5.918     4.000     3   4.8886
       72     0.00000     6.238     4.000     3   4.8886
       73     0.00000     5.917     4.000     3   4.8892
       74     0.00000     6.238     4.000     3   4.8892
       75     0.00000     5.858     4.000     3   4.9896
       76     0.00000     6.323     4.000     3   4.9896
       78     0.00000     4.572     4.000     3   5.0394
       79     0.00000    21.015     4.000     2   5.0518
       80     0.00000     5.452     4.000     3   5.0715
       81     0.00000     2.986     4.000     3   5.0795
       82     0.00000     3.197     4.000     3   5.0863
       83     0.00000     5.973     4.000     3   5.0863
       84     0.00000     3.721     4.000     3   5.0863
       85     0.00000    10.198     2.000     2   5.1080
       86     0.00000     6.357     4.000     3   5.1999
       87     0.00000     5.584     4.000     3   5.1999
       88     0.00000    19.307     4.000     2   5.2121
       89     0.00000     4.643     4.000     3   5.2320
       90     0.00000     8.063     2.000     2   5.2544
       91     0.00000     2.822     4.000     3   5.2624
       92     0.00000    15.894     4.000     3   5.2786
       95     0.00000     8.110     2.000     4   5.3028
       96     0.00000     7.841     2.000     2   5.3057
       99     0.00000     2.778     4.000     3   5.3575
      101     0.00000     5.934     4.000     3   5.3588
      102     0.00000     5.139     4.000     3   5.3588
      103     0.00000     3.087     4.000     3   5.4567
      104     0.00000     2.932     4.000     3   5.4567
      105     0.00000     3.395     4.000     3   5.4567
      106     0.00000     3.319     4.000     3   5.4782
      107     0.00000     3.574     4.000     3   5.4782
      108     0.00000     7.029     4.000     3   5.4782
      109     0.00000     2.923     8.000     3   5.5035
      110     0.00000     2.878     8.000     3   5.5035
      113     0.00000     7.023     2.000     2   5.5110
      114     0.00000    16.471     4.000     2   5.5224
      115     0.00000     4.177     2.000     3   5.5325
      116     0.00000    15.695     4.000     2   5.6192
      117     0.00000     6.634     2.000     2   5.6195
      118     0.00000     2.794     8.000     3   5.6276
      119     0.00000     2.993     8.000     3   5.6276
      120     0.00000     2.922     8.000     3   5.6276
      121     0.00000     7.878     4.000     3   5.6378
      122     0.00000     5.427     4.000     3   5.6473
      123     0.00000     8.604     4.000     3   5.6473
      124     0.00000     5.622     4.000     3   5.6637
      125     0.00000     5.310     4.000     3   5.6637
      126     0.00000     4.480     4.000     3   5.6637
      127     0.00000     3.100     4.000     3   5.6740
      128     0.00000     3.334     4.000     3   5.6740
      129     0.00000    14.957     4.000     2   5.7172
      130     0.00000     7.974     4.000     3   5.7314
      131     0.00000     3.958     4.000     4   5.7314
      132     0.00000     7.172     4.000     4   5.7314
      133     0.00000     2.806     4.000     4   5.7591
      134     0.00000     5.003     4.000     4   5.7591
      135     0.00000     5.103     4.000     5   5.7591
      137     0.00000     3.033     2.000     4   5.7646
      138     0.00000    14.586     4.000     2   5.7687
      139     0.00000     5.665     4.000     3   5.7688
      140     0.00000    32.576     8.000     3   5.7687
      141     0.00000     5.901     4.000     4   5.7688
      143     0.00000    22.198     4.000     4   5.7687
      145     0.00000     3.146     2.000     4   5.8432
      148     0.00000     5.321     4.000     5   5.8432
      150     0.00000     4.719     4.000     3   5.8562
      151     0.00000     5.871     2.000     2   5.8575
      152     0.00000     3.041     8.000     3   5.8760
      153     0.00000     3.153     8.000     3   5.8760
      154     0.00000     3.144     8.000     3   5.8760
      155     0.00000     3.276     4.000     3   5.8928
      158     0.00000     5.757     2.000     2   5.8965
      159     0.00000    13.591     4.000     2   5.9156
      160     0.00000     2.950     4.000     3   5.9418
      161     0.00000     2.768     4.000     3   5.9418
      162     0.00000     3.078     8.000     3   5.9568
      163     0.00000     3.200     8.000     3   5.9568
      164     0.00000     3.165     8.000     3   5.9568
      165     0.00000     9.403     4.000     3   5.9673
      166     0.00000     8.161     4.000     3   5.9673
      168     0.00000     5.473     2.000     2   5.9975
      169     0.00000     2.712     4.000     3   6.0043
      170     0.00000     3.709     2.000     4   6.0189
      171     0.00000     2.986     2.000     4   6.0189
      173     0.00000     2.769     4.000     3   6.0364
      174     0.00000     3.043     4.000     3   6.0364
      175     0.00000     5.710     4.000     3   6.0364
      179     0.00000     3.302     4.000     3   6.1073
      182     0.00000     3.466     8.000     4   6.1182
      184     0.00000     2.822     4.000     3   6.1410
      185     0.00000     5.303     4.000     3   6.1410
      186     0.00000    12.220     4.000     2   6.1416
      187     0.00000     4.474     4.000     3   6.1416
      188     0.00000    25.951     8.000     3   6.1416
      189     0.00000     4.401     4.000     4   6.1416
      190     0.00000    16.857     4.000     4   6.1416
      191     0.00000     3.346     4.000     3   6.1501
      192     0.00000     5.008     2.000     2   6.1782
      193     0.00000     5.004     2.000     2   6.1798
      194     0.00000     4.997     2.000     2   6.1828
      195     0.00000    11.946     4.000     2   6.1908
      198     0.00000     5.374     4.000     3   6.2369
      199     0.00000     8.579     4.000     3   6.2369
      200     0.00000     7.446     4.000     3   6.2369
      202     0.00000     2.688     8.000     3   6.2637
      204     0.00000     4.784     2.000     2   6.2727
      205     0.00000     3.431     2.000     4   6.2830
      206     0.00000     5.185     4.000     4   6.2830
      207     0.00000     2.760     2.000     4   6.2830
      208     0.00000     8.764     4.000     3   6.2943
      210     0.00000     2.725     4.000     3   6.3105
      211     0.00000     5.012     4.000     3   6.3105
      212     0.00000     4.159     2.000     4   6.3160
      213     0.00000     5.636     2.000     2   6.3177
      214     0.00000    11.695     4.000     3   6.3177
      215     0.00000     7.433     2.000     4   6.3177
      217     0.00000     4.217     4.000     4   6.3518
      218     0.00000     3.512     4.000     4   6.3518
      219     0.00000     3.799     4.000     3   6.3917
      220     0.00000     3.017     4.000     4   6.3980
      222     0.00000     4.500     2.000     2   6.4009
      223     0.00000     4.656     4.000     3   6.4006
      224     0.00000     4.654     4.000     3   6.4018
      227     0.00000     3.216     4.000     3   6.4295
      228     0.00000     6.706     4.000     3   6.4381
      229     0.00000     4.416     2.000     2   6.4410
      231     0.00000     2.700     8.000     3   6.4945
      234     0.00000     4.244     2.000     2   6.5257
      235     0.00000     3.147     4.000     4   6.5565
      236     0.00000     3.146     4.000     4   6.5576
      237     0.00000     4.160     2.000     2   6.5684
      240     0.00000     3.484     4.000     3   6.5819
      241     0.00000     5.734     4.000     3   6.5819
      242     0.00000     5.768     4.000     3   6.6146
      243     0.00000     3.270     4.000     4   6.6146
      244     0.00000     5.472     4.000     4   6.6146
      245     0.00000     3.959     4.000     4   6.6281
      246     0.00000     4.390     4.000     5   6.6281
      247     0.00000     3.466     4.000     3   6.6344
      248     0.00000     4.005     4.000     5   6.6608
      249     0.00000     3.958     4.000     3   6.6679
      250     0.00000     3.046     4.000     3   6.6734
      251     0.00000     3.009     4.000     3   6.6774
      252     0.00000     3.923     2.000     2   6.6957
      253     0.00000     3.915     2.000     2   6.6999
      254     0.00000     3.780     2.000     2   6.7770
      255     0.00000     3.771     2.000     2   6.7819
      256     0.00000     4.513     2.000     2   6.8200
      257     0.00000     8.789     4.000     3   6.8200
      258     0.00000     5.262     2.000     4   6.8200
      259     0.00000     3.946     4.000     3   6.8263
      260     0.00000     3.640     2.000     2   6.8606
      262     0.00000     4.306     4.000     3   6.8687
      263     0.00000     3.376     4.000     3   6.8778
      264     0.00000     3.583     2.000     2   6.8958
      266     0.00000     3.054     4.000     3   6.9301
      267     0.00000     2.955     4.000     4   6.9413
      268     0.00000     2.699     4.000     3   6.9951
