Data,Energy,0
0,8866.371181979897,0.00928186891799488
1,8866.781270150947,0.019777750504915606
2,8867.19140370636,0.010777742608635295
3,8867.601582646137,0.0022922355736134502
4,8868.011806970277,0.010395827035921927
5,8868.422076678782,0.0026742813793935957
6,8868.83239177165,0.007363211697344354
7,8869.24275224888,-0.004203252073101122
8,8869.653158110475,0.002995343855448613
9,8870.063609356434,0.006528685737284816
10,8870.474105986756,0.012641528278822475
11,8870.884648001442,0.011310954366206088
12,8871.295235400492,0.005323960162009357
13,8871.705868183904,0.008774036959578378
14,8872.116546351683,0.008752737504307544
15,8872.527269903821,0.004571854846088912
16,8872.938038840326,0.002703641439920531
17,8873.348853161195,0.004591812132593704
18,8873.759712866426,0.010908870087544709
19,8874.17061795602,0.014952724886415034
20,8874.58156842998,0.012399461429819136
21,8874.9925642883,0.005255819992330552
22,8875.403605530988,0.003487195612222844
23,8875.814692158037,0.0008259722576455495
24,8876.22582416945,0.006192530110557454
25,8876.637001565226,0.003767900937247108
26,8877.048224345368,0.006711959641068113
27,8877.459492509872,0.0005252899672813184
28,8877.87080605874,0.0034544474422259037
29,8878.282164991972,0.0015328205553749685
30,8878.693569309566,0.008642519600843623
31,8879.105019011526,0.003615005488399897
32,8879.516514097848,0.004154973418888318
33,8879.928054568534,0.006893193149542919
34,8880.339640423583,0.006068771924369833
35,8880.751271662995,0.005533708674297665
36,8881.162948286774,0.006753604320080722
37,8881.574670294915,-0.008189724109471868
38,8881.986437687417,-0.00605074774151132
39,8882.398250464286,-0.0008506931203453292
40,8882.810108625517,0.003122810041202722
41,8883.222012171113,0.000736413668645211
42,8883.633961101072,0.004211657976999745
43,8884.045955415393,-0.0031321513423448197
44,8884.457995114079,0.0030941260842025616
45,8884.870080197128,-0.005706896753675202
46,8885.282210664542,0.0022924557061725424
47,8885.69438651632,-0.00117203412347531
48,8886.10660775246,0.00520651818204736
49,8886.518874372963,0.0006927850778834551
50,8886.931186377831,-0.002273386914584768
51,8887.343543767063,0.003170121443928475
52,8887.75594654066,0.007096121465409368
53,8888.168394698618,0.004180566738306956
54,8888.58088824094,-0.005239870627205343
55,8888.993427167627,-0.006799499568737844
56,8889.406011478675,-0.010709176346843943
57,8889.818641174088,-0.0085011158531367
58,8890.231316253865,-0.002845716369424306
59,8890.644036718006,0.010322810546524893
60,8891.05680256651,0.0036155871382071957
61,8891.469613799378,-0.003914803558436419
62,8891.882470416609,-0.002379851570981381
63,8892.295372418204,0.0009005557513483598
64,8892.708319804164,-0.005760343795392094
65,8893.121312574487,-0.0026916673673401496
66,8893.534350729173,-0.005054525518831045
67,8893.947434268222,-0.005854235211625973
68,8894.360563191636,0.0019319556029947587
69,8894.773737499412,0.0012081472443752476
70,8895.186957191552,0.0019214555646174408
71,8895.600222268058,-0.0005607260967396639
72,8896.013532728924,-0.0042479733762747305
73,8896.426888574157,-0.009414655209287694
74,8896.840289803751,-0.004686901151256886
75,8897.253736417711,-0.008550204544746837
76,8897.667228416034,-0.003190915984248243
77,8898.080765798719,-0.004537658463865902
78,8898.49434856577,-0.01891556373474117
79,8898.907976717182,-0.007901642740921847
80,8899.32165025296,-0.010792112751753832
81,8899.7353691731,-0.010147145130292808
82,8900.149133477604,-0.012327157761969642
83,8900.562943166473,-0.00434147666591696
84,8900.976798239704,-0.006103174942566885
85,8901.3906986973,-0.006757332014650378
86,8901.804644539257,-0.008065973036558236
87,8902.218635765581,-0.007654925639458306
88,8902.632672376267,-0.008281503768440982
89,8903.046754371317,-0.008854637228875344
90,8903.46088175073,-0.0036293427834208575
91,8903.875054514507,-0.004378230826421474
92,8904.289272662647,0.0009865292206677726
93,8904.703536195151,-0.0041513289930807705
94,8905.11784511202,-0.00471460882685688
95,8905.532199413252,0.0018977155413041637
96,8905.946599098846,-0.0010276352727161748
97,8906.361044168805,0.001223828704677779
98,8906.775534623128,-0.0046720666097611755
99,8907.190070461815,-0.011612654761999786
100,8907.604651684864,-0.00452086527450651
101,8908.019278292277,0.0020576977822532377
102,8908.433950284054,0.0032340217460960123
103,8908.848667660195,0.005628007189973457
104,8909.2634304207,-0.0018802834287163662
105,8909.678238565568,-0.0030749999492735644
106,8910.0930920948,-0.0030148984025785922
107,8910.507991008395,-0.005792784362522909
108,8910.922935306353,-0.003995621200177837
109,8911.337924988677,0.0005638656500752989
110,8911.752960055363,-0.0014225245810612342
111,8912.168040506413,-0.001496976145290188
112,8912.583166341825,-0.0002458671422914641
113,8912.998337561603,4.0286694866137774e-05
114,8913.413554165743,0.0034726511145728115
115,8913.828816154248,-0.0032183733516530045
116,8914.244123527116,0.00024449903727722386
117,8914.659476284347,0.000742440310605676
118,8915.074874425942,-0.0011341863923644744
119,8915.4903179519,-0.0010378001401252935
120,8915.905806862223,0.0005110804942826039
121,8916.32134115691,-0.005574537514127237
122,8916.73692083596,-0.004984704011979816
123,8917.152545899373,0.0012210998093885874
124,8917.56821634715,-0.0008970159902439145
125,8917.983932179292,-0.0014328295479479765
126,8918.399693395795,-0.006894041423761335
127,8918.815499996665,-0.009416656035642151
128,8919.231351981896,-0.008973319697534662
129,8919.64724935149,-0.001754707531853882
130,8920.06319210545,-0.0018727001930746992
131,8920.479180243772,-0.010721367253879446
132,8920.895213766458,-0.003823512692767664
133,8921.311292673508,-0.012802072863512304
134,8921.727416964923,-0.013952265737435722
135,8922.1435866407,-0.0053165068215788504
136,8922.55980170084,0.002483110681760224
137,8922.976062145344,0.0014721534578694385
138,8923.392367974213,-0.0004012943861774181
139,8923.808719187444,-0.008719742547012497
140,8924.225115785039,-0.008648559319799468
141,8924.641557766998,-0.00351613771024296
142,8925.05804513332,-0.003900851591696105
143,8925.474577884008,0.00011172850683844856
144,8925.891156019057,-0.0003868511053253833
145,8926.30777953847,-0.001130072952548022
146,8926.724448442248,-0.006201843642969249
147,8927.14116273039,-0.002404422187394045
148,8927.557922402893,-0.005828000886171986
149,8927.974727459761,-0.004265499564781494
150,8928.391577900993,-0.0022826278447818666
151,8928.808473726589,0.00046314681931132636
152,8929.225414936547,0.0011276708955171454
153,8929.642401530871,0.004343054315564077
154,8930.059433509557,-0.008083254776462047
155,8930.476510872606,-0.002504617162787822
156,8930.89363362002,-0.0034821003217580557
157,8931.310801751797,-0.00529366725531554
158,8931.728015267938,-0.004365409111056113
159,8932.145274168442,-0.006580916064979486
160,8932.562578453311,0.0009701766552083209
161,8932.979928122542,-0.008731920958278926
162,8933.397323176137,8.634431170351231e-05
163,8933.814763614097,0.002058541827455746
164,8934.23224943642,0.0024294145939077645
165,8934.649780643105,-0.0005176789055721977
166,8935.067357234157,0.002740233442971305
167,8935.48497920957,-0.001216106571463778
168,8935.902646569346,0.00019704981221669638
169,8936.320359313488,-0.007850737385375759
170,8936.738117441992,-0.005635216032919251
171,8937.15592095486,-0.007099649965099207
172,8937.573769852092,0.0036821461020789064
173,8937.991664133688,0.0013781504235345124
174,8938.409603799646,-0.010714752269641987
175,8938.82758884997,-0.004344861820330076
176,8939.245619284657,0.01285406650630586
177,8939.663695103705,0.0038730207827249244
178,8940.08181630712,-0.0038764368359424164
179,8940.499982894897,0.0036117157832602953
180,8940.918194867038,0.002168498747578255
181,8941.336452223542,0.0017432540662902897
182,8941.75475496441,0.0026880667960762434
183,8942.173103089643,0.001195177038450802
184,8942.591496599238,0.0025602261462200717
185,8943.009935493197,-0.003699326388951097
186,8943.428419771519,-0.004123109817790868
187,8943.846949434206,-0.003891822034584499
188,8944.265524481256,-0.011006557135865718
189,8944.68414491267,-0.004908305221930976
190,8945.102810728447,-0.004356370744125495
191,8945.521521928587,-0.0019597317364408074
192,8945.940278513091,2.2475002984694622e-05
193,8946.35908048196,0.002660613096606591
194,8946.777927835192,0.0019697219461500357
195,8947.196820572788,-0.007133820244261953
196,8947.615758694747,-0.000766050371554243
197,8948.03474220107,0.0009704404229861235
198,8948.453771091756,-0.0021792936315625966
199,8948.872845366806,-0.0031416306124488766
200,8949.29196502622,-0.014390664355596952
201,8949.711130069998,-0.00796778977074505
202,8950.130340498139,0.0002070830435147962
203,8950.549596310642,0.00457768213413332
204,8950.968897507511,-0.004771340542587931
205,8951.388244088743,-0.0017975811826449698
206,8951.807636054338,0.003261121652704137
207,8952.227073404298,0.005621677363643345
208,8952.646556138621,0.004538712839010766
209,8953.066084257307,0.0014422990208127306
210,8953.485657760357,0.0029057977964873838
211,8953.90527664777,-0.002259645321271624
212,8954.324940919549,-0.0030689714045197937
213,8954.744650575689,0.0031805082831736038
214,8955.164405616193,0.011482409090548273
215,8955.584206041061,0.004107528985446482
216,8956.004051850294,0.0019787222157910556
217,8956.42394304389,0.004012441153028273
218,8956.843879621849,-0.006164362756361042
219,8957.263861584172,0.003131852462223125
220,8957.683888930858,0.00553994724355077
221,8958.103961661907,0.010768690395910552
222,8958.524079777322,0.0035520157081674673
223,8958.9442432771,0.0009377872534252521
224,8959.36445216124,0.009218398787353007
225,8959.784706429744,0.001881054647761581
226,8960.205006082613,0.008962404974759142
227,8960.625351119845,0.00823939376639718
228,8961.04574154144,0.003565733931340189
229,8961.4661773474,0.008496716642927171
230,8961.886658537722,0.006516890460538464
231,8962.30718511241,0.004598238019105234
232,8962.72775707146,-3.51640803543579e-05
233,8963.148374414874,0.006061223488006029
234,8963.56903714265,0.007007381181087496
235,8963.989745254792,0.008440574631766739
236,8964.410498751296,0.008923453668647365
237,8964.831297632165,0.0028611632643750625
238,8965.252141897396,0.0009947617715060156
239,8965.673031546992,0.005576941483961668
240,8966.093966580951,0.005031405571873391
241,8966.514946999274,0.003352076054717307
242,8966.93597280196,0.004576820427461799
243,8967.35704398901,0.002212326906591185
244,8967.778160560425,0.013447547204853083
245,8968.199322516202,0.015251067028056689
246,8968.620529856344,0.017042333585478773
247,8969.041782580847,0.005437440285633329
248,8969.463080689717,0.011308207421525138
249,8969.884424182948,0.00934314875438207
250,8970.305813060544,0.011037164119769204
251,8970.727247322504,0.023475295489317198
252,8971.148726968826,0.01182499604243352
253,8971.570251999512,0.01539841217055982
254,8971.991822414562,0.013249541274839398
255,8972.413438213976,0.011430687941441002
256,8972.835099397755,0.018596824948621145
257,8973.256805965895,0.02873583922206354
258,8973.6785579184,0.026742842474966617
259,8974.100355255268,0.026681030570161957
260,8974.522197976501,0.03463688834410975
261,8974.944086082096,0.02615081864403443
262,8975.366019572055,0.04287741712888439
263,8975.787998446378,0.04062877972107856
264,8976.210022705065,0.04751129158673494
265,8976.632092348114,0.047838912500181435
266,8977.05420737553,0.05754674148333016
267,8977.476367787307,0.06148512661617432
268,8977.898573583447,0.06524682645616603
269,8978.320824763952,0.09486348806136224
270,8978.74312132882,0.14162885271924244
271,8979.165463278052,0.17418600635019837
272,8979.587850611648,0.20651484790188476
273,8980.010283329608,0.2321340753640178
274,8980.43276143193,0.25360624539574306
275,8980.855284918618,0.26842674795545196
276,8981.277853789667,0.2789070525931041
277,8981.700468045081,0.28709416345902483
278,8982.12312768486,0.3031704801356899
279,8982.545832709,0.30987323233641895
280,8982.968583117505,0.3274407683224987
281,8983.391378910374,0.3583214965271337
282,8983.814220087605,0.3855852052424438
283,8984.237106649201,0.4220741572018882
284,8984.66003859516,0.4654032119153064
285,8985.083015925484,0.5085567704336331
286,8985.50603864017,0.5486608424272565
287,8985.92910673922,0.5976706146716811
288,8986.352220222634,0.6489593077776681
289,8986.775379090412,0.6990983081395596
290,8987.198583342553,0.7398996951876088
291,8987.621832979057,0.7881056161138159
292,8988.045127999927,0.8369373297003241
293,8988.468468405159,0.8868364290124132
294,8988.891854194753,0.9440501091463793
295,8989.315285368713,0.9963371888209389
296,8989.738761927036,1.0536921548963267
297,8990.162283869724,1.113026645432587
298,8990.585851196773,1.1739090878328189
299,8991.009463908187,1.223780302027215
300,8991.433122003966,1.2645923913823192
301,8991.856825484107,1.3081592579477057
302,8992.280574348611,1.3276622088329146
303,8992.704368597479,1.3524667839875328
304,8993.128208230712,1.3579460279530255
305,8993.552093248307,1.3668475145131755
306,8993.976023650266,1.3656326794102087
307,8994.39999943659,1.3552789742485052
308,8994.824020607277,1.3405398831762652
309,8995.248087162327,1.3334463847812155
310,8995.67219910174,1.3170789496199165
311,8996.096356425518,1.2970354156910608
312,8996.52055913366,1.2950825182349108
313,8996.944807226164,1.2650197813683366
314,8997.369100703034,1.246259727864682
315,8997.793439564266,1.2174298275790907
316,8998.21782380986,1.206739672875153
317,8998.64225343982,1.1972814944248773
318,8999.066728454143,1.1725942839327794
319,8999.49124885283,1.1556379595099004
320,8999.91581463588,1.1389568961672834
321,9000.340425803295,1.1082264728138245
322,9000.765082355072,1.0896213557475871
323,9001.189784291213,1.0711748385352786
324,9001.614531611718,1.0517563717272247
325,9002.039324316587,1.049203950391346
326,9002.464162405819,1.0372479850498
327,9002.889045879416,1.0258044327090774
328,9003.313974737375,1.0199024137428805
329,9003.738948979697,1.0002355853322422
330,9004.163968606385,0.9979391796721574
331,9004.589033617434,0.9905658770826363
332,9005.014144012848,0.9823186317655485
333,9005.439299792626,0.9762838090775591
334,9005.864500956768,0.9748872888349488
335,9006.289747505272,0.9710397862834281
336,9006.71503943814,0.963110248233042
337,9007.140376755373,0.9599395675481515
338,9007.56575945697,0.9567113047503977
339,9007.991187542928,0.952756361873031
340,9008.416661013252,0.9438381287853527
341,9008.84217986794,0.9463357141743708
342,9009.26774410699,0.93475261264339
343,9009.693353730403,0.926240002148739
344,9010.11900873818,0.9294582694812479
345,9010.544709130321,0.9303859045040703
346,9010.970454906826,0.9284211585723086
347,9011.396246067696,0.9319299818941488
348,9011.822082612927,0.922932428496094
349,9012.247964542525,0.9141128150734863
350,9012.673891856484,0.9137677271575908
351,9013.099864554806,0.9075313313441375
352,9013.525882637494,0.9094571229198486
353,9013.951946104544,0.8940904969024237
354,9014.378054955958,0.8991107499648338
355,9014.804209191736,0.8983619346097256
356,9015.230408811876,0.892739996251531
357,9015.656653816382,0.8912062323807683
358,9016.08294420525,0.8772219995774995
359,9016.509279978483,0.8854081224937376
360,9016.935661136078,0.8811479197207668
361,9017.362087678039,0.8781776734539973
362,9017.788559604362,0.8805361478765021
363,9018.215076915048,0.8662234728096059
364,9018.6416396101,0.8658482865821513
365,9019.068247689513,0.8702876696432803
366,9019.49490115329,0.8786007114951917
367,9019.921600001431,0.8741719546283679
368,9020.348344233937,0.8646942870442098
369,9020.775133850806,0.8715841978548087
370,9021.201968852038,0.8661706774001081
371,9021.628849237633,0.8683642864524344
372,9022.055775007593,0.863947665455233
373,9022.482746161917,0.8679368235650958
374,9022.909762700603,0.8787457781647621
375,9023.336824623653,0.87059837055808
376,9023.763931931067,0.877316377431332
377,9024.191084622846,0.8814795276953824
378,9024.618282698988,0.8817726893849267
379,9025.045526159493,0.8946459685544843
380,9025.472815004361,0.8920108046654589
381,9025.900149233594,0.8979462328170439
382,9026.327528847189,0.8995664606494167
383,9026.75495384515,0.9058139418794271
384,9027.182424227472,0.9105791356444808
385,9027.60993999416,0.9099330910071269
386,9028.037501145209,0.9176420713946478
387,9028.465107680624,0.9230040012765282
388,9028.892759600401,0.9361478287045097
389,9029.320456904543,0.938810651491871
390,9029.748199593048,0.9422108414121259
391,9030.175987665916,0.9513724381674595
392,9030.60382112315,0.9504514931331083
393,9031.031699964746,0.9555633623370298
394,9031.459624190706,0.9576072221517516
395,9031.887593801028,0.9608612130004378
396,9032.315608795716,0.9745234232109219
397,9032.743669174766,0.9773500238983572
398,9033.17177493818,0.9772773450519268
399,9033.599926085957,0.9888165832461473
400,9034.0281226181,0.9894048144169572
401,9034.456364534604,0.9984153498834868
402,9034.884651835473,1.0040312594213057
403,9035.312984520706,1.0086361011254659
404,9035.741362590301,1.007995845162111
405,9036.169786044262,1.015785715913641
406,9036.598254882585,1.0146654056528186
407,9037.02676910527,1.0257764858804608
408,9037.455328712322,1.0298088900801088
409,9037.883933703735,1.0289560568261944
410,9038.312584079515,1.0341519535485229
411,9038.741279839656,1.0358539369397355
412,9039.17002098416,1.032457917571712
413,9039.59880751303,1.0394123099294648
414,9040.027639426262,1.0400517822146498
415,9040.456516723858,1.0386962861537112
416,9040.885439405818,1.0398361321985692
417,9041.31440747214,1.0427258344095987
418,9041.743420922829,1.04466821987671
419,9042.172479757879,1.0419051780875972
420,9042.601583977292,1.044914365271498
421,9043.03073358107,1.0440767063612753
422,9043.459928569213,1.0456931526632731
423,9043.889168941718,1.0472553492305043
424,9044.318454698587,1.05488850075477
425,9044.747785839818,1.0558087218506518
426,9045.177162365415,1.050869541404312
427,9045.606584275374,1.0555424404396905
428,9046.036051569698,1.056724188467537
429,9046.465564248385,1.061638592458161
430,9046.895122311435,1.0541025357740086
431,9047.32472575885,1.0523277124415158
432,9047.754374590628,1.062464906704537
433,9048.18406880677,1.0641023289899747
434,9048.613808407274,1.0493040466161523
435,9049.043593392144,1.0513995604021158
436,9049.473423761376,1.04688209863617
437,9049.903299514972,1.042417029272315
438,9050.333220652932,1.0463875797928037
439,9050.763187175255,1.0449415540833378
440,9051.193199081941,1.0464715010341181
441,9051.623256372992,1.0513419896597043
442,9052.053359048406,1.0503252760072723
443,9052.483507108185,1.0512194003601043
444,9052.913700552326,1.0459028572275022
445,9053.343939380831,1.057326599808621
446,9053.7742235937,1.056374100564864
447,9054.204553190933,1.048311831285623
448,9054.634928172529,1.0426801398372763
449,9055.065348538488,1.0494518750462205
450,9055.495814288812,1.0468786435692525
451,9055.9263254235,1.050988437979755
452,9056.356881942549,1.0500169639161725
453,9056.787483845965,1.0448267381292717
454,9057.218131133743,1.0457766431979418
455,9057.648823805885,1.046673857494517
456,9058.079561862389,1.0377512878933215
457,9058.510345303257,1.044332468068836
458,9058.941174128491,1.0403845299616261
459,9059.372048338086,1.0401985054704848
460,9059.802967932046,1.0402350772063698
461,9060.23393291037,1.0423679640099293
462,9060.664943273057,1.0359094836964178
463,9061.095999020108,1.0376041145430328
464,9061.527100151521,1.0398635948365431
465,9061.9582466673,1.0395308921415822
466,9062.389438567441,1.0379147264865525
467,9062.820675851946,1.0323918124937943
468,9063.251958520816,1.0330038070868404
469,9063.683286574049,1.0271199534410604
470,9064.114660011644,1.0233362704643287
471,9064.546078833604,1.0258823767145473
472,9064.977543039928,1.0271081106471436
473,9065.409052630615,1.0290581939032077
474,9065.840607605665,1.0189078880552982
475,9066.27220796508,1.0256467550631383
476,9066.703853708857,1.0245011770056747
477,9067.135544837,1.0261237576390845
478,9067.567281349506,1.0239610467856899
479,9067.999063246374,1.0207810727790325
480,9068.430890527607,1.0167598255476546
481,9068.862763193203,1.021538211102229
482,9069.294681243162,1.0148872903286075
483,9069.726644677487,1.0096072874921616
484,9070.158653496173,1.0022713549090287
485,9070.590707699224,1.0082277984042953
486,9071.02280728664,1.012786561192288
487,9071.454952258417,1.0089701112953517
488,9071.887142614558,1.0011474012100166
489,9072.319378355063,1.002801577287478
490,9072.751659479933,1.0034166186630409
491,9073.183985989166,1.0011254292034768
492,9073.616357882762,0.9977229806423626
493,9074.048775160722,1.0040935451797421
494,9074.481237823045,1.0003085374138623
495,9074.913745869731,1.0038261961104429
496,9075.346299300783,1.001799141888215
497,9075.778898116198,0.9931237365783867
498,9076.211542315976,0.9902925764424565
499,9076.644231900116,0.9905176760664411
500,9077.076966868623,0.9851790997454493
501,9077.509747221491,0.9872019644210195
502,9077.942572958724,0.9867042534516486
503,9078.37544408032,0.9925594541660373
504,9078.80836058628,0.985469795391406
505,9079.241322476604,0.984377403708086
506,9079.674329751291,0.9847293955230575
507,9080.107382410342,0.9801999045362344
508,9080.540480453756,0.9860281985237762
509,9080.973623881535,0.9826588691993996
510,9081.406812693676,0.9802810730294844
511,9081.840046890182,0.9773635225900877
512,9082.273326471051,0.9747039264788953
513,9082.706651436283,0.9731630330233336
514,9083.140021785879,0.9783064878267584
515,9083.573437519839,0.982671460552279
516,9084.006898638163,0.9767844308324651
517,9084.440405140851,0.9721327737110403
518,9084.873957027901,0.9735614567235678
519,9085.307554299316,0.9776233949780383
520,9085.741196955094,0.9768534919890066
521,9086.174884995236,0.9751408359184401
522,9086.608618419741,0.9720525555164732
523,9087.04239722861,0.9791650307794698
524,9087.476221421843,0.9803212374965231
525,9087.91009099944,0.9789485332266006
526,9088.344005961399,0.9799174033508932
527,9088.777966307724,0.9774538962595669
528,9089.21197203841,0.9814840737037879
529,9089.64602315346,0.9844806331752662
530,9090.080119652876,0.9759940505102803
531,9090.514261536653,0.9771772113293773
532,9090.948448804795,0.9755495082615157
533,9091.3826814573,0.9765172392361825
534,9091.81695949417,0.9758579019889915
535,9092.251282915402,0.9784271156492337
536,9092.685651720998,0.9859663641648273
537,9093.120065910958,0.9845691875650089
538,9093.554525485282,0.9829312449346468
539,9093.98903044397,0.9787740383115595
540,9094.423580787021,0.9823074597456285
541,9094.858176514435,0.9788649400961649
542,9095.292817626214,0.9797022457449012
543,9095.727504122355,0.9865473977312106
544,9096.162236002861,0.9842297454876041
545,9096.59701326773,0.9833955419892437
546,9097.031835916963,0.9892891347572564
547,9097.466703950558,0.9863261281619617
548,9097.90161736852,0.988805182524418
549,9098.336576170843,0.9899821956670122
550,9098.77158035753,0.9862349830551883
551,9099.206629928582,0.9887742651951859
552,9099.641724883995,0.994763773164204
553,9100.076865223773,0.9946574358106255
554,9100.512050947915,0.9978718192883922
555,9100.94728205642,0.988797468528006
556,9101.38255854929,0.9889602377993287
557,9101.817880426523,0.9958217365094558
558,9102.253247688119,0.9871509240233681
559,9102.688660334079,0.9889502992621146
560,9103.124118364403,0.9953493215346012
561,9103.55962177909,0.99663946917632
562,9103.995170578142,0.9885387995010578
563,9104.430764761557,0.9857998149794603
564,9104.866404329334,0.98973354378605
565,9105.302089281477,0.9896144409633765
566,9105.737819617982,0.9949966087379774
567,9106.17359533885,0.9953023241306713
568,9106.609416444084,0.9952673292593539
569,9107.045282933681,1.001236275176608
570,9107.48119480764,1.0002208615676
571,9107.917152065964,0.9944853489494975
572,9108.353154708651,0.9993928539724926
573,9108.789202735703,0.9960298085040915
574,9109.225296147117,0.9965453458659047
575,9109.661434942895,0.9972815433776053
576,9110.097619123037,0.9999744644762087
577,9110.533848687543,0.9985837401643931
578,9110.970123636413,0.9974930426537678
579,9111.406443969645,0.9973170019133938
580,9111.842809687241,1.0028574241044392
581,9112.279220789202,0.998044752887417
582,9112.715677275524,1.0007110271385145
583,9113.152179146213,1.0058479399219953
584,9113.588726401264,0.9993400172154607
585,9114.025319040678,1.0039558317117376
586,9114.461957064457,1.0062598812737602
587,9114.898640472598,1.0053194511534989
588,9115.335369265104,1.0091864169213793
589,9115.772143441973,1.0022106236482449
590,9116.208963003206,1.0055895700988295
591,9116.645827948803,1.0083383374219368
592,9117.082738278763,1.0024887823696642
593,9117.519693993087,1.0096031369853518
594,9117.956695091774,1.0052593040247573
595,9118.393741574824,1.0067262861011823
596,9118.83083344224,1.0077899610853014
597,9119.267970694018,1.0044027575009955
598,9119.70515333016,1.0062071501880223
599,9120.142381350666,1.0115091330100123
600,9120.579654755535,1.010953570443237
601,9121.016973544767,1.006744824140522
602,9121.454337718364,1.0116715459046244
603,9121.891747276324,1.0160884623973159
604,9122.329202218649,1.0054861675230666
605,9122.766702545336,1.0028513787302302
606,9123.204248256387,1.0127211008339168
607,9123.641839351802,1.0155766324809972
608,9124.07947583158,1.0121028144131712
609,9124.517157695722,1.0073844874113744
610,9124.954884944227,1.0128275525377646
611,9125.392657577097,1.0127296034024575
612,9125.83047559433,1.0177503034973658
613,9126.268338995926,1.0156484934267729
614,9126.706247781887,1.0049311078301835
615,9127.144201952211,1.00161740310608
616,9127.582201506897,1.010675649672548
617,9128.020246445949,1.0054339783579338
618,9128.458336769363,1.0080453331296573
619,9128.896472477141,1.012029687165365
620,9129.334653569284,1.0112570031232737
621,9129.77288004579,1.011971613659428
622,9130.211151906658,1.0102229993717011
623,9130.649469151893,1.0101022176452334
624,9131.087831781488,1.016849534002719
625,9131.526239795448,1.0121486029029998
626,9131.964693193773,1.0098633297113646
627,9132.40319197646,1.0081271228409316
628,9132.841736143511,1.0099844407647378
629,9133.280325694926,1.0131204349692449
630,9133.718960630704,1.0092590671871542
631,9134.157640950847,1.0174939399355742
632,9134.596366655353,1.01013349739556
633,9135.035137744222,1.0141419435008463
634,9135.473954217454,1.0129566989106307
635,9135.912816075052,1.0096214716207221
636,9136.351723317011,1.0134815417827676
637,9136.790675943335,1.0115958734114532
638,9137.229673954023,1.0152198558780101
639,9137.668717349074,1.0200440809923155
640,9138.107806128488,1.0140102311447727
641,9138.546940292268,1.0148123519263264
642,9138.986119840409,1.0132152527794007
643,9139.425344772915,1.0159046637965008
644,9139.864615089784,1.0224597104563018
645,9140.303930791017,1.0225630583175493
646,9140.743291876614,1.0254762361600425
647,9141.182698346574,1.0188471518301516
648,9141.622150200898,1.010459289052333
649,9142.061647439587,1.0148188590441825
650,9142.501190062638,1.013707307567958
651,9142.940778070051,1.012338939438553
652,9143.38041146183,1.010987220698813
653,9143.820090237972,1.0096595507814001
654,9144.259814398478,1.012436821046985
655,9144.699583943348,1.0179615921848115
656,9145.139398872581,1.014292320266133
657,9145.579259186177,1.0148277829477075
658,9146.019164884137,1.0137463933157456
659,9146.459115966461,1.0106489744954636
660,9146.89911243315,1.0153924558777263
661,9147.3391542842,1.0116228522707673
662,9147.779241519615,1.0074565663784654
663,9148.219374139393,1.0098727024308176
664,9148.659552143536,1.0115157324590112
665,9149.099775532042,1.0141840807635565
666,9149.540044304911,1.0086142173541972
667,9149.980358462144,1.0102413431537833
668,9150.420718003741,1.014765365191412
669,9150.8611229297,1.0095473662835395
670,9151.301573240025,1.0103595670015602
671,9151.742068934713,1.0078541564281638
672,9152.182610013764,1.0082338700066624
673,9152.62319647718,1.0053459043872193
674,9153.063828324957,1.0026879586444555
675,9153.504505557099,1.0106327543518103
676,9153.945228173605,1.0105440891435515
677,9154.385996174475,1.0060265668579984
678,9154.826809559709,1.0024594448856314
679,9155.267668329305,1.0064987762482958
680,9155.708572483265,1.008077192679063
681,9156.14952202159,1.0053636919864326
682,9156.590516944276,1.0056051718883194
683,9157.031557251328,1.0069095991929737
684,9157.472642942743,1.0032791116923523
685,9157.913774018522,1.0024478081125476
686,9158.354950478664,1.0071788928944438
687,9158.79617232317,1.0031755941357297
688,9159.237439552038,1.0083195598523826
689,9159.678752165271,1.009706575325415
690,9160.120110162869,1.0060841775014806
691,9160.56151354483,1.0070080173406515
692,9161.002962311153,1.0049636763288987
693,9161.44445646184,1.0063751118631403
694,9161.885995996892,1.0086399063391223
695,9162.327580916308,1.0025541169795358
696,9162.769211220086,1.0012951316817396
697,9163.210886908228,1.003897986376698
698,9163.652607980734,1.0024902037182506
699,9164.094374437604,1.0035546130487605
700,9164.536186278836,1.0041139226074085
701,9164.978043504434,1.0026976422337148
702,9165.419946114394,0.9990242030995626
703,9165.861894108717,0.9998791750348492
704,9166.303887487406,0.9997333683701628
705,9166.745926250456,0.9998091514113372
706,9167.188010397871,0.9964800322149252
707,9167.63013992965,1.0043145362497023
708,9168.072314845793,1.000537409979357
709,9168.514535146298,0.9954043841190181
710,9168.956800831167,1.0005871767190662
711,9169.3991119004,0.9956266048865272
712,9169.841468353998,0.9952906190290588
713,9170.283870191959,0.9897897360211869
714,9170.726317414283,0.9955256933320298
715,9171.16881002097,0.9923335854895986
716,9171.611348012022,0.9956567765404343
717,9172.053931387436,0.9978621497002254
718,9172.496560147216,0.9901777322160141
719,9172.939234291358,0.9988062952038206
720,9173.381953819864,0.9943994626464149
721,9173.824718732732,0.9941906894252617
722,9174.267529029967,0.9955424023899276
723,9174.710384711563,0.995486715509647
724,9175.153285777524,0.989855403379526
725,9175.596232227848,0.9911536152533414
726,9176.039224062535,0.9865941172127715
727,9176.482261281586,0.9960422282260469
728,9176.925343885001,0.9964253044462146
729,9177.36847187278,0.9880495022836742
730,9177.811645244923,0.9967459477997089
731,9178.254864001428,0.9947558370628089
732,9178.698128142298,0.9904669983952901
733,9179.141437667531,0.9922137134307165
734,9179.584792577129,0.9966405106183842
735,9180.028192871088,0.9876341799706254
736,9180.471638549414,0.9895539607890924
737,9180.9151296121,0.9876173045842273
738,9181.358666059152,0.9993034575091188
739,9181.802247890568,1.0067858833538987
740,9182.245875106346,0.9993333352716727
741,9182.689547706488,0.9939939484873443
742,9183.133265690994,1.000482198528505
743,9183.577029059863,1.0016318892870413
744,9184.020837813097,0.9953638067467099
745,9184.464691950694,1.004305934366137
746,9184.908591472655,0.9980418097693414
747,9185.35253637898,0.9946504361949688
748,9185.796526669666,0.9926517784286935
749,9186.240562344718,0.9945492403809932
750,9186.684643404133,0.9925670330268288
751,9187.128769847912,0.9976479535440415
752,9187.572941676055,0.9944947331562302
753,9188.01715888856,0.9959974940882812
754,9188.46142148543,0.996101854264446
755,9188.905729466664,0.9930750698671873
756,9189.35008283226,0.9981992518946614
757,9189.794481582221,0.9954466443248893
758,9190.238925716545,0.996258464498357
759,9190.683415235233,0.9931666166935404
760,9191.127950138283,0.9897418307131924
761,9191.5725304257,0.9991894452247092
762,9192.017156097478,0.9899181168093452
763,9192.46182715362,0.9935995861473925
764,9192.906543594127,0.9960122631118897
765,9193.351305418995,0.9888417336365276
766,9193.79611262823,0.9971550617742864
767,9194.240965221827,0.9939805394138914
768,9194.685863199787,0.9875680307837744
769,9195.13080656211,0.9922193473746721
770,9195.5757953088,0.9923796826094261
771,9196.02082943985,0.9904816085458774
772,9196.465908955266,0.9873975585953443
773,9196.911033855044,0.9905382923194266
774,9197.356204139187,0.9891564990124735
775,9197.801419807693,0.9885839428192604
776,9198.246680860562,0.9894938828939364
777,9198.691987297796,0.992270070800084
778,9199.137339119392,0.9893056474086599
779,9199.582736325354,0.9881632555973767
780,9200.028178915678,0.9944717150158224
781,9200.473666890366,0.9888435629951331
782,9200.919200249416,0.9922425013790181
783,9201.364778992833,0.9873678017336439
784,9201.810403120611,0.9903148086781202
785,9202.256072632754,0.9887865856649232
786,9202.70178752926,0.9898221060513008
787,9203.14754781013,0.9875956448594995
788,9203.593353475362,0.991983367494967
789,9204.03920452496,0.9951512178413877
790,9204.48510095892,0.9935535808497329
791,9204.931042777245,0.9888194673090818
792,9205.377029979933,0.9917868513680008
793,9205.823062566984,0.9909234685923901
794,9206.2691405384,0.9989982796825834
795,9206.715263894179,0.9900136322956383
796,9207.16143263432,0.9958087356104414
797,9207.607646758826,0.9926999820826305
798,9208.053906267696,0.9985132228151518
799,9208.50021116093,0.9917135175717984
800,9208.946561438526,0.9957492806206828
801,9209.392957100488,0.9949584868845488
802,9209.839398146813,0.9910954963135579
803,9210.2858845775,0.9982863329683352
804,9210.732416392551,0.9950270573685293
805,9211.178993591966,1.0004809933696874
806,9211.625616175746,0.9929889378152474
807,9212.072284143887,0.995297086606859
808,9212.518997496394,1.0035710212126832
809,9212.965756233265,1.0036426704149604
810,9213.412560354498,0.9967575705763705
811,9213.859409860095,0.994458005667185
812,9214.306304750055,0.9966937758297312
813,9214.75324502438,1.0008572137534337
814,9215.200230683067,1.001559428732119
815,9215.647261726119,0.9940857408564036
816,9216.094338153534,0.9987116570164639
817,9216.541459965314,0.9973253504445883
818,9216.988627161456,0.997047959631221
819,9217.435839741962,1.001626965352067
820,9217.883097706832,0.9992301689051082
821,9218.330401056066,1.0021747935450653
822,9218.777749789662,1.0014587773449246
823,9219.225143907623,0.9923718636223356
824,9219.672583409947,0.9985314052117372
825,9220.120068296636,0.9983738260782977
826,9220.567598567688,0.994011275585714
827,9221.015174223103,0.9923419875731933
828,9221.462795262882,0.9977377209568518
829,9221.910461687025,1.000296148711019
830,9222.35817349553,0.9997575200497204
831,9222.8059306884,1.0022574143489429
832,9223.253733265634,0.997422008239596
833,9223.701581227231,0.9964955863481688
834,9224.14947457319,1.0023211647013914
835,9224.597413303516,1.0027137965704556
836,9225.045397418204,1.004683561893572
837,9225.493426917255,0.9997741171443464
838,9225.941501800671,0.9999252999810211
839,9226.38962206845,1.0033173472226071
840,9226.837787720593,1.0009359847633266
841,9227.2859987571,0.9970267049795949
842,9227.73425517797,1.0027714833020172
843,9228.182556983202,1.0064670966056102
844,9228.630904172798,1.0012135813980554
845,9229.07929674676,0.9950342391696014
846,9229.527734705085,0.999145398138839
847,9229.976218047772,0.9950233174523648
848,9230.424746774825,0.9948668587682546
849,9230.87332088624,1.0001697064566728
850,9231.321940382019,0.9998562871218091
851,9231.770605262162,0.9988947407239475
852,9232.219315526667,1.0066206087929346
853,9232.668071175536,0.9994313805136739
854,9233.116872208771,1.0018547295856204
855,9233.565718626367,0.9983220731837097
856,9234.014610428329,1.0025397327492584
857,9234.463547614652,0.9993700995077281
858,9234.912530185342,1.0086260009166679
859,9235.361558140394,1.0027076140342606
860,9235.810631479808,1.0072680486108672
861,9236.259750203588,0.9982550622514293
862,9236.70891431173,1.0033947351888632
863,9237.158123804236,1.0062533224365329
864,9237.607378681107,1.00067325566376
865,9238.05667894234,0.9971035862873612
866,9238.506024587938,1.003315547521133
867,9238.955415617898,1.0001372465596896
868,9239.404852032223,0.996717539767453
869,9239.85433383091,1.0029799946561906
870,9240.303861013963,1.0013430524773639
871,9240.753433581378,1.0027113771897458
872,9241.203051533157,1.0035020752595352
873,9241.652714869299,1.006466409206348
874,9242.102423589806,0.9997527820473109
875,9242.552177694675,0.9978738017778329
876,9243.001977183909,1.0093780613671302
877,9243.451822057506,1.001631980639469
878,9243.901712315466,0.9968678527345444
879,9244.351647957792,1.0006600191069284
880,9244.80162898448,1.0003337138474389
881,9245.251655395532,1.0033138892590827
882,9245.701727190946,0.9994375640420026
883,9246.151844370726,1.0074235124805948
884,9246.602006934869,0.9999887177110484
885,9247.052214883375,1.0055986968934971
886,9247.502468216246,1.0085242417993028
887,9247.952766933478,1.000272690978088
888,9248.403111035075,1.0005098658639198
889,9248.853500521036,0.999843120042768
890,9249.303935391361,0.9989944381591271
891,9249.75441564605,1.0016150731641245
892,9250.204941285101,1.0064723969967035
893,9250.655512308516,1.0071181874292128
894,9251.106128716296,1.0032517131484195
895,9251.556790508439,1.0097064728276615
896,9252.007497684945,1.000320854734043
897,9252.458250245814,1.0058814061839547
898,9252.909048191048,1.0009943658477938
899,9253.359891520646,1.0042287136644417
900,9253.810780234608,1.001040220217346
901,9254.261714332932,0.9993693338993181
902,9254.71269381562,1.0088986893933674
903,9255.163718682672,0.9994395793146325
904,9255.614788934086,1.0074980107818563
905,9256.065904569867,1.0032744229871007
906,9256.51706559001,1.0030346866216995
907,9256.968271994516,1.004286484447003
908,9257.419523783385,1.0005267433978466
909,9257.87082095662,0.9996514819150093
910,9258.322163514216,1.0046025520611033
911,9258.773551456177,1.0058325754302375
912,9259.224984782502,0.9972697551134051
913,9259.67646349319,1.0046902345390571
914,9260.127987588243,1.0147242142516875
915,9260.579557067658,1.00256846166895
916,9261.031171931436,1.002437560754144
917,9261.48283217958,1.002291871611542
918,9261.934537812085,1.002706480085421
919,9262.386288828955,1.0018628722531266
920,9262.838085230189,1.0034905645352774
921,9263.289927015787,0.9976058182244076
922,9263.741814185747,1.007186145098318
923,9264.193746740073,0.9998640647560788
924,9264.645724678761,1.0070309043974484
925,9265.097748001812,0.9972887796249009
926,9265.549816709228,0.9984962020567261
927,9266.001930801007,1.0035767643036575
928,9266.45409027715,1.0052082250097238
929,9266.906295137656,1.0051114510654986
930,9267.358545382527,1.0062837084847345
931,9267.81084101176,1.0001026310187044
932,9268.263182025357,1.002416513662716
933,9268.715568423318,1.0050799929294958
934,9269.168000205644,1.002371915245084
935,9269.620477372331,1.0055129406360108
936,9270.072999923384,0.9972657834926679
937,9270.5255678588,0.9999845122308396
938,9270.978181178578,0.9977437495073074
939,9271.430839882722,1.0079075362436716
940,9271.883543971227,1.0078883801198715
941,9272.336293444097,0.9989207082535858
942,9272.789088301332,0.9983945572941963
943,9273.24192854293,0.9930455772779012
944,9273.69481416889,0.9979943533363083
945,9274.147745179214,0.9949458165258047
946,9274.600721573903,0.9987494719684997
947,9275.053743352955,0.9986735278121419
948,9275.50681051637,1.002556025060346
949,9275.95992306415,1.0006013499280095
950,9276.413080996294,0.9935844053268186
951,9276.866284312799,0.989225320533124
952,9277.31953301367,1.0017092363684936
953,9277.772827098903,1.0030474405833973
954,9278.2261665685,1.006657254814664
955,9278.679551422461,1.001431757616791
956,9279.132981660787,0.9923467413452075
957,9279.586457283474,0.9978575229663238
958,9280.039978290526,1.0010421511919847
959,9280.493544681942,1.0044955575196624
960,9280.947156457722,0.9953452885332946
961,9281.400813617864,1.0008856439353897
962,9281.854516162372,0.9995420511727605
963,9282.308264091242,1.0001606796941975
964,9282.762057404474,1.0029880285757278
965,9283.215896102072,1.0016355855139394
966,9283.669780184033,0.9971696679173713
967,9284.123709650357,0.9984245949399704
968,9284.577684501046,0.9963176519891856
969,9285.031704736099,0.9976129273038807
970,9285.485770355514,0.9995614098420054
971,9285.939881359294,1.0036492552981024
972,9286.394037747436,1.0021483760557526
973,9286.848239519943,1.001385892131281
974,9287.302486676814,0.9966941506935381
975,9287.756779218047,1.0002261169955033
976,9288.211117143645,1.0029437292537073
977,9288.665500453606,0.9989113669153937
978,9289.11992914793,0.9907990212085953
979,9289.57440322662,0.9992434658643294
980,9290.028922689671,0.996697455926626
981,9290.483487537087,0.9978367420161538
982,9290.938097768865,1.0002471661131347
983,9291.39275338501,0.994010049608747
984,9291.847454385515,1.000298181511623
985,9292.302200770386,0.9980941886609093
986,9292.75699253962,0.9985500896860071
987,9293.211829693217,1.0010190986455458
988,9293.666712231177,0.9964468683067815
989,9294.121640153502,0.9966286450912102
990,9294.57661346019,0.9989417263158451
991,9295.031632151244,0.9964942281779735
992,9295.486696226659,0.9973802824502235
993,9295.941805686438,0.99633294948018
994,9296.396960530581,1.001455921055363
995,9296.852160759088,0.9991754175306525
996,9297.307406371958,0.9994792314536229
997,9297.762697369193,1.00107078503227
998,9298.218033750789,1.0018524116501601
999,9298.67341551675,0.9996705844524514
1000,9299.128842667076,0.9948743060011564
1001,9299.584315201764,0.9975879377000118
1002,9300.039833120816,0.9993472775179473
1003,9300.495396424232,0.9929818289436547
1004,9300.951005112012,1.000371586455586
1005,9301.406659184155,1.000785454594319
1006,9301.862358640661,1.0007862886632144
1007,9302.318103481532,0.9889096467821448
1008,9302.773893706766,0.9965932951044506
1009,9303.229729316363,0.9965995581152591
1010,9303.685610310324,1.0002411111665994
1011,9304.141536688649,0.9962916279086251
1012,9304.597508451337,0.9871472121862437
1013,9305.053525598389,0.9938735911505786
1014,9305.509588129806,0.9979613935641313
1015,9305.965696045585,0.9926765726132449
1016,9306.421849345728,1.0025893100240224
1017,9306.878048030234,0.996337835280741
1018,9307.334292099105,0.9947393628275889
1019,9307.790581552339,1.001520977498563
1020,9308.246916389937,1.0022844606531314
1021,9308.703296611897,0.99833958073769
1022,9309.159722218223,0.9960357611295884
1023,9309.61619320891,0.9980617809863825
1024,9310.072709583963,1.0007859781873574
1025,9310.52927134338,0.9956919305156272
1026,9310.985878487158,0.9980954181629788
1027,9311.442531015302,0.9960407515249474
1028,9311.899228927809,1.0012343853517467
1029,9312.35597222468,0.997773672769765
1030,9312.812760905912,1.003435988671947
1031,9313.26959497151,1.0018963518113664
1032,9313.726474421472,1.0018464278544523
1033,9314.183399255797,0.9970392386308347
1034,9314.640369474484,0.9975814419174298
1035,9315.097385077537,0.9908752919072357
1036,9315.554446064953,0.9929726830864007
1037,9316.011552436732,0.993731657665468
1038,9316.468704192876,0.9889904651830262
1039,9316.925901333381,0.9899177690358902
1040,9317.383143858253,0.9916977237145963
1041,9317.840431767487,0.9965878253967435
1042,9318.297765061085,1.004108571491762
1043,9318.755143739045,0.9956274138677912
1044,9319.21256780137,0.9913425383627874
1045,9319.670037248059,0.9959386461184476
1046,9320.127552079111,1.001401685353304
1047,9320.585112294526,0.9977475090964141
1048,9321.042717894306,0.9960869449431111
1049,9321.500368878449,0.9956509997844882
1050,9321.958065246956,0.9953883240248571
1051,9322.415806999827,0.9995357237685869
1052,9322.873594137061,0.9918312645873122
1053,9323.331426658659,0.9973345523031587
1054,9323.78930456462,0.996294694098066
1055,9324.247227854945,0.9946759274781205
1056,9324.705196529632,1.0013972356775618
1057,9325.163210588686,0.9985999037436719
1058,9325.621270032101,0.9988077166282949
1059,9326.07937485988,0.9992992382844437
1060,9326.537525072024,1.0004392486533922
1061,9326.99572066853,0.9944114349962647
1062,9327.4539616494,0.9958212437678166
1063,9327.912248014634,0.9997299117897118
1064,9328.370579764232,0.9979072339027064
1065,9328.828956898195,0.9942606994395857
1066,9329.287379416519,0.9961443791909201
1067,9329.745847319207,1.004641507907186
1068,9330.20436060626,0.9980793829736303
1069,9330.662919277676,0.9951536626769677
1070,9331.121523333455,1.000479521370791
1071,9331.580172773598,0.9990325303623091
1072,9332.038867598105,1.004189732506098
1073,9332.497607806976,0.9940921490977886
1074,9332.95639340021,0.9951880725252591
1075,9333.415224377808,1.0000032645649712
1076,9333.87410073977,1.000892015682251
1077,9334.333022486095,1.0033487142031765
1078,9334.791989616782,0.9935288531119778
1079,9335.251002131836,0.9996848091076583
1080,9335.710060031251,0.9959367297181569
1081,9336.169163315031,1.001812640252762
1082,9336.628311983173,1.002084017779758
1083,9337.087506035681,1.006162487735344
1084,9337.546745472551,1.0006512946746307
1085,9338.006030293785,1.0070323348335044
1086,9338.465360499384,1.0007411346535624
1087,9338.924736089344,0.9994671196988991
1088,9339.384157063669,0.9965145237963402
1089,9339.843623422359,0.9954793305464695
1090,9340.30313516541,0.9968285642782333
1091,9340.762692292827,1.0036679600451073
1092,9341.222294804606,1.0021138443435176
1093,9341.681942700749,1.0016516979518078
1094,9342.141635981256,0.996283742144672
1095,9342.601374646127,0.995048809403402
1096,9343.06115869536,1.0006500899345487
1097,9343.52098812896,0.9947523851041824
1098,9343.98086294692,0.9998268163631664
1099,9344.440783149244,1.0004909973291296
1100,9344.900748735934,1.0036306099447931
1101,9345.360759706986,1.0000212593886946
1102,9345.820816062402,0.9989006522651414
1103,9346.280917802182,0.9999250329845217
1104,9346.741064926326,1.002186368645369
1105,9347.201257434832,1.0019469779897228
1106,9347.661495327702,0.9996747232572255
1107,9348.121778604936,0.9983781124198916
1108,9348.582107266535,1.0007945419036703
1109,9349.042481312496,0.9984674311972224
1110,9349.50290074282,1.0026780500698274
1111,9349.963365557509,0.99996921533748
1112,9350.423875756562,0.9943004058407168
1113,9350.884431339979,1.0002660065005486
1114,9351.345032307758,0.9972213727380483
1115,9351.8056786599,1.0016949409437275
1116,9352.266370396408,0.999095009465728
1117,9352.72710751728,1.000467457241058
1118,9353.187890022513,0.9962131517554645
1119,9353.64871791211,1.001515664424215
1120,9354.109591186072,1.0006581626595075
1121,9354.570509844398,0.9976302922765137
1122,9355.031473887086,0.9936784473672742
1123,9355.492483314138,0.9960170561176234
1124,9355.953538125554,0.9974141159928387
1125,9356.414638321334,0.9974183699349788
1126,9356.875783901478,0.9987887566074367
1127,9357.336974865984,1.001123776751683
1128,9357.798211214855,1.00092115918097
1129,9358.25949294809,1.0004732326073484
1130,9358.720820065688,1.0024250569996456
1131,9359.182192567649,1.0045545695289442
1132,9359.643610453973,1.0023880612796363
1133,9360.105073724662,0.9969852039927679
1134,9360.566582379715,1.0017880055323616
1135,9361.02813641913,1.0024630331624378
1136,9361.489735842912,1.003095059357711
1137,9361.951380651055,0.9997799798810993
1138,9362.41307084356,1.0004581238735684
1139,9362.874806420432,1.0051664097923336
1140,9363.336587381666,1.0038208830524051
1141,9363.798413727263,1.00376667073779
1142,9364.260285457225,1.0005312363137233
1143,9364.722202571551,1.0039815301223933
1144,9365.184165070239,0.9964518375824523
1145,9365.646172953291,1.001004481117372
1146,9366.108226220707,1.0019442884891543
1147,9366.570324872488,1.000281329079292
1148,9367.03246890863,1.0044240608226116
1149,9367.494658329138,0.9975759920546707
1150,9367.956893134009,1.0018732914531778
1151,9368.419173323244,0.9997119833789684
1152,9368.88149889684,1.0035937619735704
1153,9369.343869854802,1.001102195121604
1154,9369.806286197128,1.0052491980179372
1155,9370.268747923816,1.0016457054395573
1156,9370.731255034869,1.0009055831992744
1157,9371.193807530286,0.9985625648752869
1158,9371.656405410065,1.0004141253882288
1159,9372.119048674209,1.0006039284348147
1160,9372.581737322715,1.0015319845362272
1161,9373.044471355586,1.0044270489081153
1162,9373.50725077282,1.0013898055642454
1163,9373.970075574418,1.0053096798036727
1164,9374.43294576038,1.002860334309883
1165,9374.895861330706,1.0027771993416805
1166,9375.358822285394,1.0088395169488846
1167,9375.821828624446,1.0072063638821303
1168,9376.284880347863,1.0050248549799496
1169,9376.747977455643,0.999637703851406
1170,9377.211119947786,1.0020849792024007
1171,9377.674307824293,1.0016181551173273
1172,9378.137541085163,1.0006282283699794
1173,9378.600819730398,0.9959048035092763
1174,9379.064143759995,0.9937565315291453
1175,9379.527513173958,0.9926804993032253
1176,9379.990927972283,0.9943108410378225
1177,9380.454388154973,0.9909121181047766
1178,9380.917893722024,0.9959804149228755
1179,9381.381444673441,1.0003901616123687
1180,9381.845041009221,1.0024703288954289
1181,9382.308682729365,0.9999639671896917
1182,9382.77236983387,0.998701577471471
1183,9383.236102322742,1.0082522526671138
1184,9383.699880195976,1.0056560515163249
1185,9384.163703453574,1.007494399028543
1186,9384.627572095536,1.0058742997484593
1187,9385.09148612186,1.0046992060894055
1188,9385.55544553255,1.0040674222860473
1189,9386.019450327603,1.0033024067606306
1190,9386.483500507018,1.0017081740491816
1191,9386.947596070799,0.9989586719666146
1192,9387.411737018941,1.0035947514526626
1193,9387.875923351448,1.005648280196064
1194,9388.34015506832,1.0031154270378075
1195,9388.804432169554,1.0040759111313888
1196,9389.268754655153,1.00427299188358
1197,9389.733122525115,1.0043204375108647
1198,9390.19753577944,1.0075195550924794
1199,9390.661994418128,1.006135156830961
1200,9391.126498441181,1.0000285558618942
1201,9391.591047848597,1.0026059902747977
1202,9392.055642640376,1.0028414218146784
1203,9392.52028281652,1.0039862562806654
1204,9392.984968377028,1.002156272031303
1205,9393.449699321898,1.0028166797228162
1206,9393.914475651132,1.0012574291821623
1207,9394.37929736473,0.99850840126301
1208,9394.844164462693,0.9968895935870501
1209,9395.309076945017,1.0076664722134312
1210,9395.774034811708,1.0034785331160998
