Data,Energy,0
0,8866.371181979897,0.012310558808013008
1,8866.781270150947,0.020469995603708865
2,8867.19140370636,0.012215155942161642
3,8867.601582646137,0.002617633433616103
4,8868.011806970277,0.012484885767723629
5,8868.422076678782,0.0019962018098545285
6,8868.83239177165,0.004865144544556478
7,8869.24275224888,-0.0057801450003365715
8,8869.653158110475,0.004026985863803813
9,8870.063609356434,0.00821196956398258
10,8870.474105986756,0.005780179684613058
11,8870.884648001442,0.013626238688138953
12,8871.295235400492,0.0012372952336086145
13,8871.705868183904,0.0061684422470832685
14,8872.116546351683,0.0052791939219054215
15,8872.527269903821,0.00655240183946653
16,8872.938038840326,0.0032540746656491907
17,8873.348853161195,0.005686473324443172
18,8873.759712866426,0.012111371728593992
19,8874.17061795602,0.013807258477132187
20,8874.58156842998,0.011840518372463164
21,8874.9925642883,0.007316310540651043
22,8875.403605530988,0.0036863707131218
23,8875.814692158037,0.006457599610854372
24,8876.22582416945,0.006745547139687459
25,8876.637001565226,0.002324914310190866
26,8877.048224345368,0.0021959711567147155
27,8877.459492509872,0.0020472712186002965
28,8877.87080605874,0.004943563777035833
29,8878.282164991972,0.003880851408266695
30,8878.693569309566,0.0072653127247374015
31,8879.105019011526,0.0051509487910086655
32,8879.516514097848,0.004625804869538431
33,8879.928054568534,0.009021001271301905
34,8880.339640423583,0.007336498275554852
35,8880.751271662995,0.008444299841145045
36,8881.162948286774,0.006380912502218279
37,8881.574670294915,-0.008157950301749543
38,8881.986437687417,-0.002708449497005548
39,8882.398250464286,-0.0011654867168369777
40,8882.810108625517,0.0036867546818584126
41,8883.222012171113,0.005354355615092329
42,8883.633961101072,0.0024108285745099377
43,8884.045955415393,-0.0028121495714428933
44,8884.457995114079,-5.904772721928696e-07
45,8884.870080197128,-0.0019464649292207422
46,8885.282210664542,0.0020530194652570934
47,8885.69438651632,0.001311520828132408
48,8886.10660775246,0.0046602885026417054
49,8886.518874372963,0.003922128096920413
50,8886.931186377831,0.0019127674523221313
51,8887.343543767063,0.0032769099495396324
52,8887.75594654066,0.006735910088004247
53,8888.168394698618,0.0024318014152754095
54,8888.58088824094,-0.007133135643772549
55,8888.993427167627,-0.004743333650454653
56,8889.406011478675,-0.005965324751802892
57,8889.818641174088,-0.008400035329947757
58,8890.231316253865,-0.000586821968841397
59,8890.644036718006,0.005346812731665233
60,8891.05680256651,-0.0004178793062611171
61,8891.469613799378,-0.0054648241122318905
62,8891.882470416609,-0.0001390732297300314
63,8892.295372418204,0.0005878160066760947
64,8892.708319804164,-0.007487891008416519
65,8893.121312574487,-0.005948788586755671
66,8893.534350729173,-0.006754595922354476
67,8893.947434268222,-0.007811002485614077
68,8894.360563191636,0.0009005001101839645
69,8894.773737499412,7.047342347390258e-05
70,8895.186957191552,-0.0018060286938820153
71,8895.600222268058,-0.005786567251926143
72,8896.013532728924,-0.001134735520220285
73,8896.426888574157,-0.008524235850316832
74,8896.840289803751,-0.004888773963255446
75,8897.253736417711,-0.008396282697093992
76,8897.667228416034,-0.003340367359476585
77,8898.080765798719,-0.002792455846763273
78,8898.49434856577,-0.014088145706782596
79,8898.907976717182,-0.006838955231236218
80,8899.32165025296,-0.006791140729350445
81,8899.7353691731,-0.006868598201672654
82,8900.149133477604,-0.00806558971818675
83,8900.562943166473,-0.005622234813260919
84,8900.976798239704,-0.0033424974886156486
85,8901.3906986973,-0.00726129417148906
86,8901.804644539257,-0.010053419531450506
87,8902.218635765581,-0.008032914497215729
88,8902.632672376267,-0.006889922459356263
89,8903.046754371317,-0.007756659014577851
90,8903.46088175073,-0.00471713583261539
91,8903.875054514507,-0.00505560888486167
92,8904.289272662647,0.0030715499960600684
93,8904.703536195151,-0.004846045667843001
94,8905.11784511202,-0.0026879396002501277
95,8905.532199413252,-0.0019737075182155793
96,8905.946599098846,-0.0026493002943208813
97,8906.361044168805,0.0012877092984125787
98,8906.775534623128,-0.003251873698859621
99,8907.190070461815,-0.010895537363882254
100,8907.604651684864,-0.004817213937172666
101,8908.019278292277,0.00011705459355626827
102,8908.433950284054,0.0005029771462722015
103,8908.848667660195,0.0046420964990595195
104,8909.2634304207,-0.0029656245811643706
105,8909.678238565568,-0.003090574953411147
106,8910.0930920948,-0.006465490816616924
107,8910.507991008395,-0.0027154884123431746
108,8910.922935306353,-0.0021812061548217966
109,8911.337924988677,-0.0035511157561520846
110,8911.752960055363,-0.0027760215415061143
111,8912.168040506413,-0.002323140192348999
112,8912.583166341825,0.0031880230465764917
113,8912.998337561603,0.0019514338850121719
114,8913.413554165743,0.0061624526047128645
115,8913.828816154248,-0.005778341078639667
116,8914.244123527116,-0.0007488208661929818
117,8914.659476284347,0.0013349825201731875
118,8915.074874425942,-0.001120909468278925
119,8915.4903179519,-0.000459856634817255
120,8915.905806862223,-0.000707584270787318
121,8916.32134115691,-0.010094889517191275
122,8916.73692083596,-0.003700611111078937
123,8917.152545899373,-0.00046195031529041187
124,8917.56821634715,-0.0023538205548372625
125,8917.983932179292,0.0009499115397001751
126,8918.399693395795,-0.004954557467631531
127,8918.815499996665,-0.013368600871500498
128,8919.231351981896,-0.008260286420158233
129,8919.64724935149,-0.004461243193470482
130,8920.06319210545,-0.0008545527274685934
131,8920.479180243772,-0.009122985652277149
132,8920.895213766458,-0.007552420052228213
133,8921.311292673508,-0.010998933052544313
134,8921.727416964923,-0.010077192390937465
135,8922.1435866407,-0.011189362731212588
136,8922.55980170084,-0.003788340417392127
137,8922.976062145344,0.0025032134978721777
138,8923.392367974213,0.0014690553294519487
139,8923.808719187444,-0.010595090930714734
140,8924.225115785039,-0.008313047829415898
141,8924.641557766998,-0.009179133392328478
142,8925.05804513332,-0.00802659042038345
143,8925.474577884008,2.3344393641849598e-05
144,8925.891156019057,-0.003344156678873756
145,8926.30777953847,-0.0009786240091190271
146,8926.724448442248,-0.00665628254839406
147,8927.14116273039,-0.004864693933219081
148,8927.557922402893,-0.005188025132538792
149,8927.974727459761,-0.00508714692418769
150,8928.391577900993,-0.0026824443004936313
151,8928.808473726589,0.0011711444840049796
152,8929.225414936547,-0.0026019545975009494
153,8929.642401530871,0.004505458992489356
154,8930.059433509557,-0.007457175148015818
155,8930.476510872606,-0.00427489686472979
156,8930.89363362002,-0.005291249778218045
157,8931.310801751797,-0.004206290109260946
158,8931.728015267938,-0.006311236411275052
159,8932.145274168442,-0.007888634909683834
160,8932.562578453311,0.001717785927033165
161,8932.979928122542,-0.010447276019834528
162,8933.397323176137,-0.00045552573742613635
163,8933.814763614097,0.004247409939156536
164,8934.23224943642,0.0012587127052766161
165,8934.649780643105,-0.0019522203559742565
166,8935.067357234157,0.0036777975393144377
167,8935.48497920957,0.0010907975559763966
168,8935.902646569346,-5.068733236123928e-05
169,8936.320359313488,-0.008670952379923212
170,8936.738117441992,-0.006538573191275149
171,8937.15592095486,-0.005560782179687597
172,8937.573769852092,0.0022633362018154818
173,8937.991664133688,-0.002007542289176381
174,8938.409603799646,-0.008452533723056842
175,8938.82758884997,-0.005224469494329034
176,8939.245619284657,0.0073974972804795175
177,8939.663695103705,0.0008578374842286749
178,8940.08181630712,-0.004685543846585415
179,8940.499982894897,0.0013809204794161523
180,8940.918194867038,0.0028221940224066834
181,8941.336452223542,-0.0005594380984995455
182,8941.75475496441,0.0035627867490205163
183,8942.173103089643,0.0006906229685494384
184,8942.591496599238,0.0006005421445847816
185,8943.009935493197,-0.0032848536956837423
186,8943.428419771519,-0.00015118122666085785
187,8943.846949434206,-0.0030518884408582856
188,8944.265524481256,-0.006319798479273591
189,8944.68414491267,-0.0008985514871818049
190,8945.102810728447,-0.004294418616405298
191,8945.521521928587,-0.0018227736197486406
192,8945.940278513091,0.0006678671329518146
193,8946.35908048196,0.0038470784350625696
194,8946.777927835192,0.001274772984562358
195,8947.196820572788,-0.0041192579266899725
196,8947.615758694747,-0.0017763176121165087
197,8948.03474220107,0.0014074983166987632
198,8948.453771091756,0.0020096699556666274
199,8948.872845366806,-0.0030093234434817448
200,8949.29196502622,-0.015128913756570722
201,8949.711130069998,-0.008033284518982966
202,8950.130340498139,-0.0037797502060192894
203,8950.549596310642,0.008803003752127185
204,8950.968897507511,-0.003793842079892186
205,8951.388244088743,-0.0015963909325380909
206,8951.807636054338,0.009345583586454903
207,8952.227073404298,0.002304434703891531
208,8952.646556138621,0.006947444276694379
209,8953.066084257307,-0.0027511107522870935
210,8953.485657760357,0.0024502349914541574
211,8953.90527664777,-0.0022682690612581802
212,8954.324940919549,-0.0027096615902792017
213,8954.744650575689,0.003980204995143424
214,8955.164405616193,0.011507359237742001
215,8955.584206041061,0.0019062836822701808
216,8956.004051850294,-8.752435988724789e-05
217,8956.42394304389,0.005692403141632242
218,8956.843879621849,-0.006607179259251332
219,8957.263861584172,0.005286231956538472
220,8957.683888930858,0.006639927723413731
221,8958.103961661907,0.011085533252894176
222,8958.524079777322,0.0059474388806166414
223,8958.9442432771,0.0012412474034714611
224,8959.36445216124,0.0069271420507875225
225,8959.784706429744,0.002142999225640894
226,8960.205006082613,0.013072003776010827
227,8960.625351119845,0.004836894302531491
228,8961.04574154144,0.0027517452703184455
229,8961.4661773474,0.009504031168471963
230,8961.886658537722,0.006927083217504724
231,8962.30718511241,0.008750410706107912
232,8962.72775707146,0.005504248523940242
233,8963.148374414874,0.006872211392210233
234,8963.56903714265,0.009332399837471802
235,8963.989745254792,0.014568008069124805
236,8964.410498751296,0.009588157548916785
237,8964.831297632165,0.006027936563792902
238,8965.252141897396,-0.0022850777679230636
239,8965.673031546992,0.009137398489147143
240,8966.093966580951,0.0037744196899586052
241,8966.514946999274,0.003779228330457308
242,8966.93597280196,0.0013565841556053416
243,8967.35704398901,0.0018164931932741076
244,8967.778160560425,0.012834289198833707
245,8968.199322516202,0.01508840029597382
246,8968.620529856344,0.014723219650003179
247,8969.041782580847,0.005313875060524356
248,8969.463080689717,0.010909245863588001
249,8969.884424182948,0.009414969270301849
250,8970.305813060544,0.00882181905116546
251,8970.727247322504,0.021229812776612005
252,8971.148726968826,0.01438029333827166
253,8971.570251999512,0.014049216691993077
254,8971.991822414562,0.01786790245074544
255,8972.413438213976,0.013114140027708207
256,8972.835099397755,0.021119562611200092
257,8973.256805965895,0.027062834725669685
258,8973.6785579184,0.02769628229941485
259,8974.100355255268,0.031556228298920956
260,8974.522197976501,0.03413119360730291
261,8974.944086082096,0.02949749515385642
262,8975.366019572055,0.044159374694692145
263,8975.787998446378,0.04236066494349307
264,8976.210022705065,0.046555121435438655
265,8976.632092348114,0.048093644269512154
266,8977.05420737553,0.05685686499303376
267,8977.476367787307,0.059745407804328465
268,8977.898573583447,0.0647463018035331
269,8978.320824763952,0.09608110492405222
270,8978.74312132882,0.1398748062161338
271,8979.165463278052,0.17214991251017311
272,8979.587850611648,0.20063606874828632
273,8980.010283329608,0.23097598331232783
274,8980.43276143193,0.25283665161423663
275,8980.855284918618,0.2633206267130331
276,8981.277853789667,0.272574731387837
277,8981.700468045081,0.28439428762119084
278,8982.12312768486,0.3011084186049775
279,8982.545832709,0.30681629742709426
280,8982.968583117505,0.3271491223563827
281,8983.391378910374,0.351912407125033
282,8983.814220087605,0.38303721884146336
283,8984.237106649201,0.4184973314179424
284,8984.66003859516,0.46308098018443755
285,8985.083015925484,0.5062391919515868
286,8985.50603864017,0.546588756657224
287,8985.92910673922,0.5950183076728188
288,8986.352220222634,0.6460418299560069
289,8986.775379090412,0.6948855250689694
290,8987.198583342553,0.7356125076968247
291,8987.621832979057,0.7888369772404049
292,8988.045127999927,0.8335223951963473
293,8988.468468405159,0.8867586025338294
294,8988.891854194753,0.9404696944456108
295,8989.315285368713,0.996411755618251
296,8989.738761927036,1.0538770442671215
297,8990.162283869724,1.1078392560027268
298,8990.585851196773,1.1726163422072315
299,8991.009463908187,1.2218424777843069
300,8991.433122003966,1.260304204055147
301,8991.856825484107,1.2984430921330974
302,8992.280574348611,1.3239453098228555
303,8992.704368597479,1.3493583787802303
304,8993.128208230712,1.3533750873303383
305,8993.552093248307,1.3616443611245992
306,8993.976023650266,1.363018747293401
307,8994.39999943659,1.3499209059115906
308,8994.824020607277,1.3374954713140474
309,8995.248087162327,1.330118400665467
310,8995.67219910174,1.3103669049380544
311,8996.096356425518,1.2956158844279018
312,8996.52055913366,1.2898645734775787
313,8996.944807226164,1.2644242152908405
314,8997.369100703034,1.2393629808081748
315,8997.793439564266,1.2153209542015526
316,8998.21782380986,1.2068742204424412
317,8998.64225343982,1.194321805059559
318,8999.066728454143,1.1681708649202078
319,8999.49124885283,1.1511451165297508
320,8999.91581463588,1.1326776879621794
321,9000.340425803295,1.1047274950209662
322,9000.765082355072,1.0864060343599835
323,9001.189784291213,1.0657909127928349
324,9001.614531611718,1.0558258886604834
325,9002.039324316587,1.045165001449174
326,9002.464162405819,1.0315122174893068
327,9002.889045879416,1.0240028938403654
328,9003.313974737375,1.0208702278913764
329,9003.738948979697,0.9989781898265789
330,9004.163968606385,0.9901945297984649
331,9004.589033617434,0.9867892610697147
332,9005.014144012848,0.977094865718968
333,9005.439299792626,0.9736862064412931
334,9005.864500956768,0.9745597206641183
335,9006.289747505272,0.9685050558080102
336,9006.71503943814,0.9583611765298917
337,9007.140376755373,0.9587506557004923
338,9007.56575945697,0.9527107418934289
339,9007.991187542928,0.9489369028833293
340,9008.416661013252,0.9395402486466864
341,9008.84217986794,0.9401357798136292
342,9009.26774410699,0.9318761491167387
343,9009.693353730403,0.9261447515167223
344,9010.11900873818,0.9247228699656553
345,9010.544709130321,0.9276069240229803
346,9010.970454906826,0.9245843648851741
347,9011.396246067696,0.928139537327304
348,9011.822082612927,0.9143975151511634
349,9012.247964542525,0.9104423395888547
350,9012.673891856484,0.9140917077081626
351,9013.099864554806,0.9032523625812316
352,9013.525882637494,0.9027203050954582
353,9013.951946104544,0.891027341020135
354,9014.378054955958,0.8938388789279675
355,9014.804209191736,0.8906615299465006
356,9015.230408811876,0.8873271164130397
357,9015.656653816382,0.8859851054105432
358,9016.08294420525,0.8791877420277452
359,9016.509279978483,0.8845654676805125
360,9016.935661136078,0.8810413719200781
361,9017.362087678039,0.8708513589245293
362,9017.788559604362,0.8735330298572097
363,9018.215076915048,0.8656175726111244
364,9018.6416396101,0.8590331731138428
365,9019.068247689513,0.8705101131733481
366,9019.49490115329,0.8763101967780437
367,9019.921600001431,0.8720370468222023
368,9020.348344233937,0.8596277026862574
369,9020.775133850806,0.8620367759531096
370,9021.201968852038,0.8677480825294152
371,9021.628849237633,0.8663781755102804
372,9022.055775007593,0.8618807761137525
373,9022.482746161917,0.8648208198567053
374,9022.909762700603,0.8783183971705422
375,9023.336824623653,0.8719180955307124
376,9023.763931931067,0.8745705105181008
377,9024.191084622846,0.8790505202530725
378,9024.618282698988,0.8806474513811164
379,9025.045526159493,0.8905763798584907
380,9025.472815004361,0.8887900757161534
381,9025.900149233594,0.8977758238115525
382,9026.327528847189,0.8937791677193473
383,9026.75495384515,0.9011993394423604
384,9027.182424227472,0.9050602184981011
385,9027.60993999416,0.9073180503905661
386,9028.037501145209,0.9116296778613129
387,9028.465107680624,0.9207654520284487
388,9028.892759600401,0.931758262502915
389,9029.320456904543,0.9379459552096372
390,9029.748199593048,0.9344332441150496
391,9030.175987665916,0.9505593820489573
392,9030.60382112315,0.948888625509366
393,9031.031699964746,0.9504315164051705
394,9031.459624190706,0.9559831682103027
395,9031.887593801028,0.9601635736135695
396,9032.315608795716,0.9730038109404281
397,9032.743669174766,0.9750920251311413
398,9033.17177493818,0.9797980978744836
399,9033.599926085957,0.989238155501301
400,9034.0281226181,0.98761897022772
401,9034.456364534604,0.9938925502679341
402,9034.884651835473,1.000457202224501
403,9035.312984520706,1.0056937092898368
404,9035.741362590301,1.0058876793393123
405,9036.169786044262,1.0173083251236146
406,9036.598254882585,1.0096749867847423
407,9037.02676910527,1.0204678404846685
408,9037.455328712322,1.0261594939209036
409,9037.883933703735,1.0286579095196027
410,9038.312584079515,1.031596269011302
411,9038.741279839656,1.0391868006090532
412,9039.17002098416,1.027532275186155
413,9039.59880751303,1.0371684331936635
414,9040.027639426262,1.0336926931940784
415,9040.456516723858,1.0351895876576183
416,9040.885439405818,1.0424171815567211
417,9041.31440747214,1.0417435767657857
418,9041.743420922829,1.0449461412940948
419,9042.172479757879,1.0388942929048985
420,9042.601583977292,1.0413951813423212
421,9043.03073358107,1.0428375978251778
422,9043.459928569213,1.044432769017511
423,9043.889168941718,1.0462617793830633
424,9044.318454698587,1.0520331169863784
425,9044.747785839818,1.0526023401728475
426,9045.177162365415,1.043068351565436
427,9045.606584275374,1.0482876104875127
428,9046.036051569698,1.0549625819383421
429,9046.465564248385,1.053114912340424
430,9046.895122311435,1.0504087603251868
431,9047.32472575885,1.0542458898795055
432,9047.754374590628,1.0604308766289265
433,9048.18406880677,1.059065071130311
434,9048.613808407274,1.0446225776934939
435,9049.043593392144,1.0508631538570155
436,9049.473423761376,1.0414176054927806
437,9049.903299514972,1.0424308548674959
438,9050.333220652932,1.0403618819353797
439,9050.763187175255,1.041838198168605
440,9051.193199081941,1.0455619216437135
441,9051.623256372992,1.051832459404378
442,9052.053359048406,1.04635602297824
443,9052.483507108185,1.0491770191823229
444,9052.913700552326,1.0455558335699466
445,9053.343939380831,1.0544669552065793
446,9053.7742235937,1.0535657028068575
447,9054.204553190933,1.047813377273775
448,9054.634928172529,1.0418750252587694
449,9055.065348538488,1.0470493754617398
450,9055.495814288812,1.0482182953172972
451,9055.9263254235,1.0505442877348012
452,9056.356881942549,1.0497849309240965
453,9056.787483845965,1.042196319312359
454,9057.218131133743,1.0398608430694167
455,9057.648823805885,1.0442256614333667
456,9058.079561862389,1.0345833179677566
457,9058.510345303257,1.043220594157294
458,9058.941174128491,1.0418609012155342
459,9059.372048338086,1.0374626344375253
460,9059.802967932046,1.0321760983767696
461,9060.23393291037,1.0340542729803994
462,9060.664943273057,1.030688247958902
463,9061.095999020108,1.0348365258944747
464,9061.527100151521,1.0403576024555612
465,9061.9582466673,1.0329314279690185
466,9062.389438567441,1.0330951171293634
467,9062.820675851946,1.0313641674795626
468,9063.251958520816,1.0310349328651611
469,9063.683286574049,1.024673948841925
470,9064.114660011644,1.0214373898897446
471,9064.546078833604,1.0237837178137354
472,9064.977543039928,1.0258441259902695
473,9065.409052630615,1.025080555458835
474,9065.840607605665,1.01842275606151
475,9066.27220796508,1.0260646391356487
476,9066.703853708857,1.024167965539492
477,9067.135544837,1.0257364716011388
478,9067.567281349506,1.0220369904606423
479,9067.999063246374,1.0182884746087923
480,9068.430890527607,1.0124996590942563
481,9068.862763193203,1.01903220748236
482,9069.294681243162,1.0131804351462899
483,9069.726644677487,1.0091421732542831
484,9070.158653496173,1.007970621856925
485,9070.590707699224,1.0058160546041515
486,9071.02280728664,1.008679348015591
487,9071.454952258417,1.0071587401222493
488,9071.887142614558,0.999488024410324
489,9072.319378355063,0.999366332667531
490,9072.751659479933,1.003514963222116
491,9073.183985989166,1.0024431984159614
492,9073.616357882762,1.0001236506763613
493,9074.048775160722,1.0015513591131646
494,9074.481237823045,0.997232119539902
495,9074.913745869731,1.00411715554573
496,9075.346299300783,0.9973594650513353
497,9075.778898116198,0.9926965628803143
498,9076.211542315976,0.98859872113451
499,9076.644231900116,0.9887074858704186
500,9077.076966868623,0.9845744019416427
501,9077.509747221491,0.9867539089721522
502,9077.942572958724,0.9834613602352953
503,9078.37544408032,0.9916405951421701
504,9078.80836058628,0.9888996009408808
505,9079.241322476604,0.9848908234796865
506,9079.674329751291,0.9810224325393688
507,9080.107382410342,0.9793941244999369
508,9080.540480453756,0.9839733207083211
509,9080.973623881535,0.9835790412093732
510,9081.406812693676,0.9808631247233013
511,9081.840046890182,0.9845182613291785
512,9082.273326471051,0.9739567773050892
513,9082.706651436283,0.9759718954678838
514,9083.140021785879,0.9789451427549476
515,9083.573437519839,0.9792827977917269
516,9084.006898638163,0.9761681078196531
517,9084.440405140851,0.9756560617335672
518,9084.873957027901,0.9762513828641594
519,9085.307554299316,0.9763303214735666
520,9085.741196955094,0.9743517700993165
521,9086.174884995236,0.9754038139582881
522,9086.608618419741,0.9731582687430653
523,9087.04239722861,0.9779699060977429
524,9087.476221421843,0.9772965769325799
525,9087.91009099944,0.9766683499234241
526,9088.344005961399,0.9772439975814098
527,9088.777966307724,0.9728095403415857
528,9089.21197203841,0.9772769729688418
529,9089.64602315346,0.9809552619710938
530,9090.080119652876,0.9752105901944234
531,9090.514261536653,0.9735517682802273
532,9090.948448804795,0.9725459595128216
533,9091.3826814573,0.9782223852459537
534,9091.81695949417,0.9753116572719502
535,9092.251282915402,0.9788157827504563
536,9092.685651720998,0.9832984271315482
537,9093.120065910958,0.9826215005116266
538,9093.554525485282,0.9840086953466902
539,9093.98903044397,0.9785659184710129
540,9094.423580787021,0.9793957651131203
541,9094.858176514435,0.9766806334601212
542,9095.292817626214,0.980188565936078
543,9095.727504122355,0.9827185085709251
544,9096.162236002861,0.9828211131237585
545,9096.59701326773,0.9795626597710092
546,9097.031835916963,0.9876502497166935
547,9097.466703950558,0.9851314036804755
548,9097.90161736852,0.9889518890372192
549,9098.336576170843,0.9891601446242839
550,9098.77158035753,0.9889257867642753
551,9099.206629928582,0.9901497007915923
552,9099.641724883995,0.9896099638560847
553,9100.076865223773,0.993819163170798
554,9100.512050947915,0.9965038319187802
555,9100.94728205642,0.9909373105978696
556,9101.38255854929,0.9904537604477684
557,9101.817880426523,0.9911747581783359
558,9102.253247688119,0.9844860305909984
559,9102.688660334079,0.990562545300375
560,9103.124118364403,0.9970251451505848
561,9103.55962177909,0.9940262501533124
562,9103.995170578142,0.9886058956737369
563,9104.430764761557,0.9856611859017738
564,9104.866404329334,0.9882887009027639
565,9105.302089281477,0.9886401809356566
566,9105.737819617982,0.9934068379645398
567,9106.17359533885,0.9951836852501509
568,9106.609416444084,0.9920840078309712
569,9107.045282933681,0.9960504030390677
570,9107.48119480764,1.000009890484203
571,9107.917152065964,0.9961616638612492
572,9108.353154708651,0.9985428256082327
573,9108.789202735703,0.9943612470961869
574,9109.225296147117,0.998669148337898
575,9109.661434942895,1.000914496953187
576,9110.097619123037,1.00312360414466
577,9110.533848687543,0.9958042656382782
578,9110.970123636413,0.99906977802279
579,9111.406443969645,1.0000681294523144
580,9111.842809687241,1.0044861510348446
581,9112.279220789202,1.0010686198973373
582,9112.715677275524,0.9989654011052856
583,9113.152179146213,1.000853929848624
584,9113.588726401264,0.9988429745849804
585,9114.025319040678,1.005975880232786
586,9114.461957064457,1.008337442072853
587,9114.898640472598,1.005856628196034
588,9115.335369265104,1.0077170174366814
589,9115.772143441973,1.0002449238074136
590,9116.208963003206,1.0064025590011192
591,9116.645827948803,1.006432779373954
592,9117.082738278763,1.0048016483616369
593,9117.519693993087,1.009449766857027
594,9117.956695091774,1.00902437655628
595,9118.393741574824,1.0065106037434233
596,9118.83083344224,1.0040129257209847
597,9119.267970694018,1.0036321575631035
598,9119.70515333016,1.0094085994956643
599,9120.142381350666,1.0111093258327037
600,9120.579654755535,1.0100839394336947
601,9121.016973544767,1.008965523437256
602,9121.454337718364,1.0134183162032064
603,9121.891747276324,1.015079264176084
604,9122.329202218649,1.0062712702652399
605,9122.766702545336,1.0073023304246642
606,9123.204248256387,1.0133215993281248
607,9123.641839351802,1.0164806370874921
608,9124.07947583158,1.0117201114371097
609,9124.517157695722,1.0071108566799565
610,9124.954884944227,1.0089557146099337
611,9125.392657577097,1.0147433696034445
612,9125.83047559433,1.0170060836034613
613,9126.268338995926,1.014264809587983
614,9126.706247781887,1.0098850669411545
615,9127.144201952211,1.0052946001073404
616,9127.582201506897,1.0126059083692576
617,9128.020246445949,1.0066715583496868
618,9128.458336769363,1.0107811664677775
619,9128.896472477141,1.0133326525159636
620,9129.334653569284,1.0106253908141956
621,9129.77288004579,1.0117999744153785
622,9130.211151906658,1.0104996779014515
623,9130.649469151893,1.0109489689323339
624,9131.087831781488,1.0187421695854977
625,9131.526239795448,1.0124195157887583
626,9131.964693193773,1.0111680661401357
627,9132.40319197646,1.004231813097166
628,9132.841736143511,1.01284700256371
629,9133.280325694926,1.0075684938933678
630,9133.718960630704,1.0070912096339817
631,9134.157640950847,1.0176029270431646
632,9134.596366655353,1.0146473401076466
633,9135.035137744222,1.0144241732009176
634,9135.473954217454,1.0111664450042142
635,9135.912816075052,1.012044140513312
636,9136.351723317011,1.0127450854809776
637,9136.790675943335,1.01304722987752
638,9137.229673954023,1.0158850225712186
639,9137.668717349074,1.0164883595849923
640,9138.107806128488,1.014163342180399
641,9138.546940292268,1.013753345190477
642,9138.986119840409,1.0124624970818523
643,9139.425344772915,1.0161339014537316
644,9139.864615089784,1.0262997810323338
645,9140.303930791017,1.022074983271761
646,9140.743291876614,1.0232408487072275
647,9141.182698346574,1.020655569337133
648,9141.622150200898,1.0133447523917751
649,9142.061647439587,1.0166400775693392
650,9142.501190062638,1.0130053559966852
651,9142.940778070051,1.0121677663343618
652,9143.38041146183,1.0130109809916528
653,9143.820090237972,1.0098762860824415
654,9144.259814398478,1.012275449455645
655,9144.699583943348,1.0164366203506354
656,9145.139398872581,1.0131440597187862
657,9145.579259186177,1.0166284544829738
658,9146.019164884137,1.0164188956680087
659,9146.459115966461,1.0100586968982936
660,9146.89911243315,1.0167435395759652
661,9147.3391542842,1.0094863323377954
662,9147.779241519615,1.0072036189311038
663,9148.219374139393,1.0095321686377587
664,9148.659552143536,1.0140556263918137
665,9149.099775532042,1.011361400347465
666,9149.540044304911,1.0096473239229633
667,9149.980358462144,1.0136619704941376
668,9150.420718003741,1.0167742047286341
669,9150.8611229297,1.0143512172475497
670,9151.301573240025,1.0129691668142686
671,9151.742068934713,1.0062468289510271
672,9152.182610013764,1.0065668988249854
673,9152.62319647718,1.0015783233752487
674,9153.063828324957,1.0004254047915806
675,9153.504505557099,1.0108130986516994
676,9153.945228173605,1.0108502060884617
677,9154.385996174475,1.0049944105828112
678,9154.826809559709,1.0023178615478103
679,9155.267668329305,1.0066640480240348
680,9155.708572483265,1.007155895140559
681,9156.14952202159,1.0031143566419662
682,9156.590516944276,1.0080443572227695
683,9157.031557251328,1.0086676108534112
684,9157.472642942743,1.0053779413537138
685,9157.913774018522,1.0070525139821207
686,9158.354950478664,1.0057582920035648
687,9158.79617232317,1.0028944525791381
688,9159.237439552038,1.0077037948788685
689,9159.678752165271,1.0084507145387733
690,9160.120110162869,1.0054614268115545
691,9160.56151354483,1.0050522670741053
692,9161.002962311153,1.004077445427225
693,9161.44445646184,1.0070173355901888
694,9161.885995996892,1.0094405283353112
695,9162.327580916308,1.0061166832132264
696,9162.769211220086,1.0035093886365918
697,9163.210886908228,1.0046500387735002
698,9163.652607980734,1.0023463039044027
699,9164.094374437604,1.0020194230845831
700,9164.536186278836,1.0018398162212399
701,9164.978043504434,1.0037193605932049
702,9165.419946114394,1.000879686290769
703,9165.861894108717,1.0030182531569847
704,9166.303887487406,0.9980620274451916
705,9166.745926250456,1.0004364841861613
706,9167.188010397871,0.9943573898240936
707,9167.63013992965,1.0030233606654388
708,9168.072314845793,0.9994492867203861
709,9168.514535146298,0.9964048188098398
710,9168.956800831167,0.9991675620784886
711,9169.3991119004,0.9932382740567671
712,9169.841468353998,0.9936486501969489
713,9170.283870191959,0.9913437560577466
714,9170.726317414283,0.9943059777530684
715,9171.16881002097,0.9979760115666937
716,9171.611348012022,0.9958809771606728
717,9172.053931387436,0.9947092892655167
718,9172.496560147216,0.9890527523702167
719,9172.939234291358,0.999330581929444
720,9173.381953819864,0.9909403281121163
721,9173.824718732732,0.9952527151903299
722,9174.267529029967,0.9963913720962836
723,9174.710384711563,0.9972938821337021
724,9175.153285777524,0.991641663063831
725,9175.596232227848,0.9881100305487991
726,9176.039224062535,0.9865880696912938
727,9176.482261281586,0.9972927182425237
728,9176.925343885001,0.9944710802482114
729,9177.36847187278,0.985421838534128
730,9177.811645244923,0.9972524303308773
731,9178.254864001428,0.9978704462849874
732,9178.698128142298,0.9931000433783397
733,9179.141437667531,0.9946301459031204
734,9179.584792577129,0.9960803601857566
735,9180.028192871088,0.9887801649586908
736,9180.471638549414,0.99123186232122
737,9180.9151296121,0.9907724615613791
738,9181.358666059152,0.9978284240543491
739,9181.802247890568,1.0058053533266706
740,9182.245875106346,0.9985009308782979
741,9182.689547706488,0.990629457978231
742,9183.133265690994,0.9957681410451269
743,9183.577029059863,1.0019500611670922
744,9184.020837813097,0.9932947886478614
745,9184.464691950694,1.0033228519457449
746,9184.908591472655,0.999296647845628
747,9185.35253637898,0.9944338208790408
748,9185.796526669666,0.9926734808204397
749,9186.240562344718,0.9930376103348867
750,9186.684643404133,0.9917447266561978
751,9187.128769847912,0.9946431815862793
752,9187.572941676055,0.9954376507466893
753,9188.01715888856,0.997159657726916
754,9188.46142148543,0.993733089310634
755,9188.905729466664,0.9892092720027753
756,9189.35008283226,0.9980635273545466
757,9189.794481582221,0.9956981726653469
758,9190.238925716545,0.9960193838078972
759,9190.683415235233,0.9903580744798095
760,9191.127950138283,0.9918086212148938
761,9191.5725304257,0.9971748278089579
762,9192.017156097478,0.9920089066408848
763,9192.46182715362,0.9943676452040685
764,9192.906543594127,0.99692885185912
765,9193.351305418995,0.9916843797738892
766,9193.79611262823,0.996215301740379
767,9194.240965221827,0.998607348281846
768,9194.685863199787,0.9900693714618378
769,9195.13080656211,0.9933129529505885
770,9195.5757953088,0.9924457351101736
771,9196.02082943985,0.9898674370656884
772,9196.465908955266,0.9855262757872092
773,9196.911033855044,0.9899431116072431
774,9197.356204139187,0.9887934163253415
775,9197.801419807693,0.9894520603766656
776,9198.246680860562,0.9912828039322025
777,9198.691987297796,0.9917578192145713
778,9199.137339119392,0.9923415088368396
779,9199.582736325354,0.9943134816430131
780,9200.028178915678,0.9925917704855789
781,9200.473666890366,0.9930787069580842
782,9200.919200249416,0.9928465180400247
783,9201.364778992833,0.9895122557048511
784,9201.810403120611,0.9917727425020069
785,9202.256072632754,0.9919631602553171
786,9202.70178752926,0.9882772504504058
787,9203.14754781013,0.984978043957152
788,9203.593353475362,0.9926358672175943
789,9204.03920452496,0.996317217596888
790,9204.48510095892,0.9942602056848108
791,9204.931042777245,0.9914257024321089
792,9205.377029979933,0.9951021163056866
793,9205.823062566984,0.9896543387558903
794,9206.2691405384,1.0011966575582516
795,9206.715263894179,0.9889044157858635
796,9207.16143263432,0.9939577593529639
797,9207.607646758826,0.9980333346871121
798,9208.053906267696,1.0008706470923145
799,9208.50021116093,0.9956669983988511
800,9208.946561438526,0.9970556786129361
801,9209.392957100488,0.9940994320693521
802,9209.839398146813,0.9952549986724343
803,9210.2858845775,1.0012213370167145
804,9210.732416392551,0.9997844331260659
805,9211.178993591966,1.0012041502645417
806,9211.625616175746,0.9929822201489662
807,9212.072284143887,0.9942691945428261
808,9212.518997496394,1.0057494108230562
809,9212.965756233265,1.002919098290468
810,9213.412560354498,0.9947543951731119
811,9213.859409860095,0.9967193927911586
812,9214.306304750055,0.9985558233285092
813,9214.75324502438,1.00152968611828
814,9215.200230683067,1.0002737577339806
815,9215.647261726119,0.9985640859673834
816,9216.094338153534,1.0001150160495667
817,9216.541459965314,1.0001598211249239
818,9216.988627161456,0.9998779952770172
819,9217.435839741962,0.9983138155790133
820,9217.883097706832,0.9953163472799393
821,9218.330401056066,1.0024556792061239
822,9218.777749789662,1.0017992412385923
823,9219.225143907623,0.9945241572516555
824,9219.672583409947,0.9988052828039311
825,9220.120068296636,0.9964783030512162
826,9220.567598567688,0.9945809905889933
827,9221.015174223103,0.9942181987848909
828,9221.462795262882,0.9984678668527538
829,9221.910461687025,1.001923880002364
830,9222.35817349553,1.0018360110327464
831,9222.8059306884,0.998410182327637
832,9223.253733265634,0.9968781975700796
833,9223.701581227231,0.9976889632577237
834,9224.14947457319,0.9987545426351592
835,9224.597413303516,1.0026780628650742
836,9225.045397418204,1.001405432075135
837,9225.493426917255,0.9992010828112773
838,9225.941501800671,0.997347338028081
839,9226.38962206845,1.0005221963063093
840,9226.837787720593,1.0004302955462285
841,9227.2859987571,0.9986913542281268
842,9227.73425517797,1.0002724092775002
843,9228.182556983202,1.00869157641915
844,9228.630904172798,0.9997158596209698
845,9229.07929674676,0.9967957397847276
846,9229.527734705085,0.9988046913860781
847,9229.976218047772,0.9953047007601564
848,9230.424746774825,0.995456838895854
849,9230.87332088624,1.000964100242124
850,9231.321940382019,1.0003881632190046
851,9231.770605262162,0.995388118371507
852,9232.219315526667,1.0085040799956668
853,9232.668071175536,0.9993779545512638
854,9233.116872208771,0.998613554273888
855,9233.565718626367,0.9974491963383374
856,9234.014610428329,1.0026132308275895
857,9234.463547614652,1.0038724029920605
858,9234.912530185342,1.0088634850733562
859,9235.361558140394,1.0002673807924483
860,9235.810631479808,1.0029015664523628
861,9236.259750203588,0.9997535838352705
862,9236.70891431173,1.0006303686955011
863,9237.158123804236,1.0026037086979327
864,9237.607378681107,1.0008020663937773
865,9238.05667894234,0.9982208979026692
866,9238.506024587938,1.0010242350427683
867,9238.955415617898,1.0014638579523996
868,9239.404852032223,0.9983124593431396
869,9239.85433383091,1.002313360889826
870,9240.303861013963,0.9991434070166216
871,9240.753433581378,1.0030011278884854
872,9241.203051533157,1.005762127906622
873,9241.652714869299,1.0045414823975911
874,9242.102423589806,0.9982798614868239
875,9242.552177694675,1.0015841505112528
876,9243.001977183909,1.0084752457843458
877,9243.451822057506,1.0021760746578958
878,9243.901712315466,0.9996868902708687
879,9244.351647957792,1.000812524966433
880,9244.80162898448,1.003575144631879
881,9245.251655395532,1.0035779200843158
882,9245.701727190946,0.9999158277785671
883,9246.151844370726,1.0084300688429582
884,9246.602006934869,1.0008392193771614
885,9247.052214883375,1.005979172315674
886,9247.502468216246,1.0081225761831905
887,9247.952766933478,1.0005555886005055
888,9248.403111035075,1.003489970734516
889,9248.853500521036,1.0059032001088837
890,9249.303935391361,0.9994594451131926
891,9249.75441564605,1.0004288352448467
892,9250.204941285101,1.0082693814784922
893,9250.655512308516,1.0059046611712876
894,9251.106128716296,1.003728583254967
895,9251.556790508439,1.0083072532868458
896,9252.007497684945,1.000490390927666
897,9252.458250245814,1.0025624369350687
898,9252.909048191048,1.0017177552206737
899,9253.359891520646,1.001149760779096
900,9253.810780234608,1.0005433770818197
901,9254.261714332932,0.9995825961738714
902,9254.71269381562,1.0075786989442632
903,9255.163718682672,1.0025108632945825
904,9255.614788934086,1.004120048639995
905,9256.065904569867,1.0036424338455672
906,9256.51706559001,0.9996540751716007
907,9256.968271994516,1.003129660895087
908,9257.419523783385,1.0034460164534367
909,9257.87082095662,0.9966995879149805
910,9258.322163514216,1.0059867258359523
911,9258.773551456177,1.003811812567481
912,9259.224984782502,0.9984770439214792
913,9259.67646349319,1.0046689233669421
914,9260.127987588243,1.0129066841542376
915,9260.579557067658,1.0023396553933677
916,9261.031171931436,1.001811497992371
917,9261.48283217958,1.0046344881746643
918,9261.934537812085,0.9965952011299967
919,9262.386288828955,1.0006724791167894
920,9262.838085230189,0.9995092141591038
921,9263.289927015787,0.9973241642944479
922,9263.741814185747,1.0044323341531838
923,9264.193746740073,0.9972454043777856
924,9264.645724678761,1.0046837727521456
925,9265.097748001812,0.9993963252201806
926,9265.549816709228,0.9987838950880435
927,9266.001930801007,1.0051111295615491
928,9266.45409027715,1.0042413967197588
929,9266.906295137656,1.000840886811397
930,9267.358545382527,1.0030036513418383
931,9267.81084101176,1.0009170478849
932,9268.263182025357,1.0009240114056843
933,9268.715568423318,1.004345093057145
934,9269.168000205644,1.002317048081947
935,9269.620477372331,1.0067766572936852
936,9270.072999923384,0.9963473945190194
937,9270.5255678588,1.0017611178637122
938,9270.978181178578,0.9953414620999359
939,9271.430839882722,1.0062242045935212
940,9271.883543971227,1.004422517454988
941,9272.336293444097,0.9980478573814694
942,9272.789088301332,0.998625947504112
943,9273.24192854293,0.9930477730126602
944,9273.69481416889,0.9950709907998337
945,9274.147745179214,0.9936224663886287
946,9274.600721573903,0.9992797627525412
947,9275.053743352955,0.9968239817463072
948,9275.50681051637,1.0015467718377542
949,9275.95992306415,0.9994032329461128
950,9276.413080996294,0.9936389510095116
951,9276.866284312799,0.986863347506273
952,9277.31953301367,1.0005792311632862
953,9277.772827098903,1.0026265661881986
954,9278.2261665685,1.0046135771592302
955,9278.679551422461,1.000229818818258
956,9279.132981660787,0.993297147183611
957,9279.586457283474,0.9999633536272555
958,9280.039978290526,1.0016715082276273
959,9280.493544681942,1.006266882413349
960,9280.947156457722,0.9942498021686267
961,9281.400813617864,1.0011279533168578
962,9281.854516162372,0.9987483722796141
963,9282.308264091242,0.9978724788449935
964,9282.762057404474,0.9997413373908668
965,9283.215896102072,0.9986138720118636
966,9283.669780184033,0.9929787953151089
967,9284.123709650357,0.9955542651112301
968,9284.577684501046,0.9984343396915438
969,9285.031704736099,0.9973562387241994
970,9285.485770355514,0.9966246968716221
971,9285.939881359294,1.002108715777172
972,9286.394037747436,1.0014273019615538
973,9286.848239519943,1.0004069884215165
974,9287.302486676814,0.9928161681553429
975,9287.756779218047,0.9972084197055434
976,9288.211117143645,1.003192215699684
977,9288.665500453606,0.9986849897602642
978,9289.11992914793,0.9929802657969882
979,9289.57440322662,1.0004958412823635
980,9290.028922689671,0.998013043746955
981,9290.483487537087,0.9972806964780432
982,9290.938097768865,0.9970077978768801
983,9291.39275338501,0.9964210327963822
984,9291.847454385515,0.9959147411565787
985,9292.302200770386,0.9965214650148748
986,9292.75699253962,1.001585363214581
987,9293.211829693217,1.0011041744476885
988,9293.666712231177,0.9956327927551681
989,9294.121640153502,0.9980558308408605
990,9294.57661346019,0.9974673040899535
991,9295.031632151244,0.9977318576429279
992,9295.486696226659,0.9968785293729479
993,9295.941805686438,0.9981172790875008
994,9296.396960530581,1.002052835946074
995,9296.852160759088,0.9987021659381942
996,9297.307406371958,0.9990018863632903
997,9297.762697369193,0.9988910578233232
998,9298.218033750789,1.0033651370929637
999,9298.67341551675,1.0004359377012544
1000,9299.128842667076,0.9981646307116765
1001,9299.584315201764,0.9968165457201608
1002,9300.039833120816,0.9977071183213952
1003,9300.495396424232,0.9916874484454536
1004,9300.951005112012,0.999162364035509
1005,9301.406659184155,0.9988110018458463
1006,9301.862358640661,1.001733838240145
1007,9302.318103481532,0.9895032526875083
1008,9302.773893706766,0.9968754994869156
1009,9303.229729316363,0.9948572697773024
1010,9303.685610310324,0.9997522782508546
1011,9304.141536688649,0.9930355684516274
1012,9304.597508451337,0.9906517285080556
1013,9305.053525598389,0.9939969581910743
1014,9305.509588129806,0.9966773677176286
1015,9305.965696045585,0.9962750440448409
1016,9306.421849345728,1.003340956448747
1017,9306.878048030234,0.9972977487401345
1018,9307.334292099105,0.9967157049411817
1019,9307.790581552339,1.003775953682041
1020,9308.246916389937,1.0009056506256542
1021,9308.703296611897,0.9973847985083157
1022,9309.159722218223,0.9961552018067077
1023,9309.61619320891,0.9976234936001573
1024,9310.072709583963,0.9999340969372715
1025,9310.52927134338,0.996798787735328
1026,9310.985878487158,0.9989893994423537
1027,9311.442531015302,0.9964160563180626
1028,9311.899228927809,0.9990789888564515
1029,9312.35597222468,0.9987199424204136
1030,9312.812760905912,1.0015393429860036
1031,9313.26959497151,1.0036139528337724
1032,9313.726474421472,1.0031777705606193
1033,9314.183399255797,0.9959689208198423
1034,9314.640369474484,0.9982286787127435
1035,9315.097385077537,0.9905647566904323
1036,9315.554446064953,0.9895797299420996
1037,9316.011552436732,0.9952530666798235
1038,9316.468704192876,0.9883415381457538
1039,9316.925901333381,0.9893524746885715
1040,9317.383143858253,0.9928572613183333
1041,9317.840431767487,0.9982894469201835
1042,9318.297765061085,1.0084590660948347
1043,9318.755143739045,0.9962937058708381
1044,9319.21256780137,0.9947911956965592
1045,9319.670037248059,0.9966822087976066
1046,9320.127552079111,1.0023941967628751
1047,9320.585112294526,0.9993105921044787
1048,9321.042717894306,0.9964921311122791
1049,9321.500368878449,0.9961264209723126
1050,9321.958065246956,0.995526838084063
1051,9322.415806999827,0.9988851486026868
1052,9322.873594137061,0.9947460289483916
1053,9323.331426658659,0.9972811651191482
1054,9323.78930456462,0.9965242115152346
1055,9324.247227854945,0.9957489295048007
1056,9324.705196529632,1.0008514066900904
1057,9325.163210588686,0.9993469960028305
1058,9325.621270032101,0.9969277476076739
1059,9326.07937485988,0.9990602632205374
1060,9326.537525072024,1.0033393540162874
1061,9326.99572066853,0.9952236045287002
1062,9327.4539616494,0.9973458144222299
1063,9327.912248014634,1.0007983031759777
1064,9328.370579764232,0.9968656157267025
1065,9328.828956898195,0.9953686410656865
1066,9329.287379416519,0.9943599098078981
1067,9329.745847319207,1.0005689777348912
1068,9330.20436060626,0.9999145620503272
1069,9330.662919277676,0.9951422207558998
1070,9331.121523333455,0.9979952581259308
1071,9331.580172773598,1.0004566243318056
1072,9332.038867598105,1.0040526120295004
1073,9332.497607806976,0.9940968522652642
1074,9332.95639340021,0.9960982134378515
1075,9333.415224377808,1.0007218370200954
1076,9333.87410073977,0.9986893723294409
1077,9334.333022486095,1.0034439939927182
1078,9334.791989616782,0.9967377142959521
1079,9335.251002131836,0.9974957446842199
1080,9335.710060031251,0.9968552708759666
1081,9336.169163315031,1.0024159776493762
1082,9336.628311983173,1.0001390939080115
1083,9337.087506035681,1.0009398607242854
1084,9337.546745472551,0.9995688606855766
1085,9338.006030293785,1.00524810975085
1086,9338.465360499384,1.0017753055471457
1087,9338.924736089344,0.9984124685771713
1088,9339.384157063669,0.993817744955055
1089,9339.843623422359,0.9996969158984637
1090,9340.30313516541,0.9996594730121772
1091,9340.762692292827,1.0009811853081148
1092,9341.222294804606,1.0006953688903386
1093,9341.681942700749,1.000831217476558
1094,9342.141635981256,0.9957848641184348
1095,9342.601374646127,0.9942450077130359
1096,9343.06115869536,1.0009653172678514
1097,9343.52098812896,0.9979586197853066
1098,9343.98086294692,0.9973819224634306
1099,9344.440783149244,1.0013922342401758
1100,9344.900748735934,1.0046032984212565
1101,9345.360759706986,1.004626684483262
1102,9345.820816062402,0.9985683377085812
1103,9346.280917802182,0.9989485445045457
1104,9346.741064926326,1.0037370866106048
1105,9347.201257434832,0.9997954683065269
1106,9347.661495327702,0.9993417246110377
1107,9348.121778604936,0.997635962811004
1108,9348.582107266535,1.0030162836375998
1109,9349.042481312496,0.9983600115691721
1110,9349.50290074282,1.0025896093640796
1111,9349.963365557509,0.9946416444489001
1112,9350.423875756562,0.9953421907445262
1113,9350.884431339979,1.0017318339058665
1114,9351.345032307758,0.9971656125961573
1115,9351.8056786599,0.99902914093149
1116,9352.266370396408,0.9995960308159167
1117,9352.72710751728,1.0003130142883971
1118,9353.187890022513,0.9979765055728016
1119,9353.64871791211,1.000582363298902
1120,9354.109591186072,0.99946241488557
1121,9354.570509844398,0.998735365370911
1122,9355.031473887086,0.9966531962077886
1123,9355.492483314138,0.9978333028260398
1124,9355.953538125554,0.9982718504055448
1125,9356.414638321334,0.9963386997121679
1126,9356.875783901478,1.000072878668897
1127,9357.336974865984,1.0009271876618888
1128,9357.798211214855,0.9976968388949343
1129,9358.25949294809,1.00002409813812
1130,9358.720820065688,1.0038985155484639
1131,9359.182192567649,1.0011151798990576
1132,9359.643610453973,1.0013049880387122
1133,9360.105073724662,0.998732421888604
1134,9360.566582379715,1.0007337696225453
1135,9361.02813641913,1.0011003668806295
1136,9361.489735842912,1.0048592684607165
1137,9361.951380651055,1.0003015255350918
1138,9362.41307084356,1.0025337967033783
1139,9362.874806420432,1.0074884102082984
1140,9363.336587381666,1.0022306191680612
1141,9363.798413727263,1.0026399018339338
1142,9364.260285457225,1.0006979604988218
1143,9364.722202571551,1.000170258867874
1144,9365.184165070239,0.9995379746407673
1145,9365.646172953291,0.9981686528945706
1146,9366.108226220707,1.0039008121180921
1147,9366.570324872488,1.0010737671427126
1148,9367.03246890863,1.0049793078525315
1149,9367.494658329138,0.9974421893358061
1150,9367.956893134009,1.0001891552743305
1151,9368.419173323244,1.0000156467428487
1152,9368.88149889684,1.0030540796711924
1153,9369.343869854802,1.0020705394048437
1154,9369.806286197128,1.0037768166591308
1155,9370.268747923816,1.0028708191107039
1156,9370.731255034869,0.9981407208136759
1157,9371.193807530286,1.0008471806829409
1158,9371.656405410065,1.0026081932680488
1159,9372.119048674209,1.0025807457476883
1160,9372.581737322715,1.0033479765169608
1161,9373.044471355586,1.0054713247911027
1162,9373.50725077282,1.0028178714146718
1163,9373.970075574418,1.008532315391601
1164,9374.43294576038,1.0000314343022552
1165,9374.895861330706,1.0028574178700644
1166,9375.358822285394,1.0071539056299703
1167,9375.821828624446,1.006861351896679
1168,9376.284880347863,1.0078596042751027
1169,9376.747977455643,1.002704698775286
1170,9377.211119947786,1.0037393718247993
1171,9377.674307824293,0.9990981244307533
1172,9378.137541085163,0.9987532279469085
1173,9378.600819730398,0.9976962004827588
1174,9379.064143759995,0.9960790018795393
1175,9379.527513173958,0.9944392964644695
1176,9379.990927972283,0.9954097020686803
1177,9380.454388154973,0.9925719381614833
1178,9380.917893722024,0.998926695012252
1179,9381.381444673441,1.0000843465476636
1180,9381.845041009221,1.0050111568260656
1181,9382.308682729365,0.9988344211869767
1182,9382.77236983387,1.001813618664157
1183,9383.236102322742,1.0060542351833575
1184,9383.699880195976,1.0079218318051373
1185,9384.163703453574,1.0047845165040004
1186,9384.627572095536,1.0037568739137204
1187,9385.09148612186,1.005509511204254
1188,9385.55544553255,1.0032117988781675
1189,9386.019450327603,1.0028051150520398
1190,9386.483500507018,1.0011563078053678
1191,9386.947596070799,1.000969570454729
1192,9387.411737018941,1.006015625758316
1193,9387.875923351448,1.003147010928828
1194,9388.34015506832,1.0050860894388691
1195,9388.804432169554,1.006079042435584
1196,9389.268754655153,1.0056641339555585
1197,9389.733122525115,1.005993631843223
1198,9390.19753577944,1.0035581961890878
1199,9390.661994418128,1.0035532730281465
1200,9391.126498441181,0.9991479592256407
1201,9391.591047848597,1.0012210068765948
1202,9392.055642640376,1.0027400592113194
1203,9392.52028281652,1.0021418318221462
1204,9392.984968377028,1.001754646523458
1205,9393.449699321898,1.0018950299439429
1206,9393.914475651132,0.9994963380531025
1207,9394.37929736473,0.9986192279045831
1208,9394.844164462693,0.9976566443643546
1209,9395.309076945017,1.0062491177987478
1210,9395.774034811708,1.0052474221137806
