Data,Energy,0
0,8866.371181979897,0.011506516270922678
1,8866.781270150947,0.020147831107116827
2,8867.19140370636,0.011236748808465567
3,8867.601582646137,0.0020373906532390345
4,8868.011806970277,0.010241436446150907
5,8868.422076678782,0.004367487977222422
6,8868.83239177165,0.0027289227406185512
7,8869.24275224888,-0.0028274447117871302
8,8869.653158110475,0.00663557161281423
9,8870.063609356434,0.009712137905849353
10,8870.474105986756,0.011467749950059825
11,8870.884648001442,0.01131532348563297
12,8871.295235400492,0.004074512562142347
13,8871.705868183904,0.011352813483612206
14,8872.116546351683,0.007450724228661766
15,8872.527269903821,0.006285276475375326
16,8872.938038840326,0.004197306623471343
17,8873.348853161195,0.005070562656133227
18,8873.759712866426,0.011538518597106955
19,8874.17061795602,0.01160190972395415
20,8874.58156842998,0.011326018785401598
21,8874.9925642883,0.00862199716839024
22,8875.403605530988,0.0043849737843041124
23,8875.814692158037,4.837729913508091e-05
24,8876.22582416945,0.009173520394229105
25,8876.637001565226,0.003435932759992009
26,8877.048224345368,0.006705716177234108
27,8877.459492509872,0.0024845702709821583
28,8877.87080605874,0.004729701399144843
29,8878.282164991972,0.003239446905319024
30,8878.693569309566,0.010271467459924955
31,8879.105019011526,0.0051381462924344565
32,8879.516514097848,0.002165440582500639
33,8879.928054568534,0.00981706982339928
34,8880.339640423583,0.0072476138835871964
35,8880.751271662995,0.004798212138338558
36,8881.162948286774,0.006476785858692444
37,8881.574670294915,-0.005370754310423823
38,8881.986437687417,-0.004362359797929407
39,8882.398250464286,-0.001351647412273917
40,8882.810108625517,0.0009680923533018941
41,8883.222012171113,0.0016306327559144267
42,8883.633961101072,0.003465216589266567
43,8884.045955415393,-0.005032853588182087
44,8884.457995114079,0.0008348243912310901
45,8884.870080197128,-0.0062464629392302885
46,8885.282210664542,0.003245757851963217
47,8885.69438651632,-0.003408732213259549
48,8886.10660775246,0.007971879468125678
49,8886.518874372963,-0.0010764024859256853
50,8886.931186377831,-0.0016225238100131942
51,8887.343543767063,0.006448562535389683
52,8887.75594654066,0.009588327775107002
53,8888.168394698618,0.0013994812990262445
54,8888.58088824094,-0.0026941537102999004
55,8888.993427167627,-0.00663081010390853
56,8889.406011478675,-0.011765026225727027
57,8889.818641174088,-0.009290293586495142
58,8890.231316253865,-0.0019593416623996936
59,8890.644036718006,0.009208291299103092
60,8891.05680256651,-0.0005228495998711685
61,8891.469613799378,-0.0035392460623548407
62,8891.882470416609,-0.003635668324129272
63,8892.295372418204,0.00020554494051005113
64,8892.708319804164,-0.006731292163164683
65,8893.121312574487,-0.003747767775472051
66,8893.534350729173,-0.007447748796536931
67,8893.947434268222,-0.01126410944696559
68,8894.360563191636,-0.000513152060410501
69,8894.773737499412,0.00016963756313528736
70,8895.186957191552,0.0015790318646451986
71,8895.600222268058,0.0011734406079265147
72,8896.013532728924,-0.003107694217261917
73,8896.426888574157,-0.012563487329878768
74,8896.840289803751,-0.007366778207916856
75,8897.253736417711,-0.005781235764102824
76,8897.667228416034,-0.002103480871000497
77,8898.080765798719,-0.004682676230520571
78,8898.49434856577,-0.013831585013494019
79,8898.907976717182,-0.008056552529769608
80,8899.32165025296,-0.010724061581805753
81,8899.7353691731,-0.010687093297019548
82,8900.149133477604,-0.011417907078421517
83,8900.562943166473,-0.004887819472730188
84,8900.976798239704,-0.00800672463255708
85,8901.3906986973,-0.009469571623793218
86,8901.804644539257,-0.008032640064272078
87,8902.218635765581,-0.0087531711698867
88,8902.632672376267,-0.009636871465796332
89,8903.046754371317,-0.006007374419097639
90,8903.46088175073,-0.003950033232375392
91,8903.875054514507,-0.004990485953553923
92,8904.289272662647,0.0018699166803430307
93,8904.703536195151,-0.00603964669946303
94,8905.11784511202,-0.0018388604789321857
95,8905.532199413252,0.0010575773629938495
96,8905.946599098846,-4.549070135693219e-06
97,8906.361044168805,0.0006462904324134196
98,8906.775534623128,-0.0050120204630931305
99,8907.190070461815,-0.012070392739634058
100,8907.604651684864,-0.005152656449110979
101,8908.019278292277,-0.001587714891125971
102,8908.433950284054,0.0021244895967950234
103,8908.848667660195,0.005232667130591473
104,8909.2634304207,-0.001547103095264089
105,8909.678238565568,-0.0019933472477486392
106,8910.0930920948,-0.0053648794902108
107,8910.507991008395,-0.0034004662861182988
108,8910.922935306353,-0.0018322769706272668
109,8911.337924988677,0.004259834075605809
110,8911.752960055363,0.003062629339175395
111,8912.168040506413,-0.0017638333934386842
112,8912.583166341825,0.0006224436513896756
113,8912.998337561603,0.003920837747746443
114,8913.413554165743,0.0038460415814687
115,8913.828816154248,-0.004467263116274553
116,8914.244123527116,-0.002352132136936915
117,8914.659476284347,-0.00020186413194826682
118,8915.074874425942,-0.0010220520401686777
119,8915.4903179519,0.0007056304314877228
120,8915.905806862223,-0.002117368134193457
121,8916.32134115691,-0.008659685933253369
122,8916.73692083596,-0.0016543468890279198
123,8917.152545899373,0.0038266446679684997
124,8917.56821634715,0.0005471216187145538
125,8917.983932179292,0.0010595390402534223
126,8918.399693395795,-0.004406383266069019
127,8918.815499996665,-0.010143729209829744
128,8919.231351981896,-0.007831850880768123
129,8919.64724935149,-0.0025950793422015515
130,8920.06319210545,-0.002082568568610478
131,8920.479180243772,-0.009469843528192816
132,8920.895213766458,-0.005915513997708074
133,8921.311292673508,-0.011203157580495806
134,8921.727416964923,-0.01187911213574618
135,8922.1435866407,-0.008158552860347407
136,8922.55980170084,-0.004594538630405969
137,8922.976062145344,0.0032890145512468978
138,8923.392367974213,-0.0024732420272828575
139,8923.808719187444,-0.011423576812090655
140,8924.225115785039,-0.0067758927370472795
141,8924.641557766998,-0.0034409426738575273
142,8925.05804513332,-0.006206698645378534
143,8925.474577884008,-0.002450840182400664
144,8925.891156019057,0.0003248227390480389
145,8926.30777953847,-0.002002232258394223
146,8926.724448442248,-0.009409480277465361
147,8927.14116273039,-0.004988904261417729
148,8927.557922402893,-0.006620504225832334
149,8927.974727459761,-0.004138570629093133
150,8928.391577900993,-0.006206464741600023
151,8928.808473726589,0.002421542985308901
152,8929.225414936547,-0.000537949842286031
153,8929.642401530871,0.0022628697885348683
154,8930.059433509557,-0.007614217950059798
155,8930.476510872606,-0.0029096160942251375
156,8930.89363362002,-0.006047041984983138
157,8931.310801751797,-0.004747305748862771
158,8931.728015267938,-0.0059705714065454805
159,8932.145274168442,-0.010328149576327467
160,8932.562578453311,0.0007428640972219956
161,8932.979928122542,-0.007923520215307407
162,8933.397323176137,0.0003092753962587718
163,8933.814763614097,0.0027154793754814565
164,8934.23224943642,0.0006025952715026639
165,8934.649780643105,-0.001220728350855624
166,8935.067357234157,0.002293077125496879
167,8935.48497920957,-0.001007480027929096
168,8935.902646569346,-0.0020861413219573706
169,8936.320359313488,-0.00616531627826701
170,8936.738117441992,-0.004186832534466752
171,8937.15592095486,-0.004527428861317297
172,8937.573769852092,0.005301725302049699
173,8937.991664133688,0.0006457273341980542
174,8938.409603799646,-0.011708379689335534
175,8938.82758884997,-0.006025024734051625
176,8939.245619284657,0.0072122039809615285
177,8939.663695103705,0.0014239059119236367
178,8940.08181630712,-0.004131104058628403
179,8940.499982894897,0.0016952573217269768
180,8940.918194867038,0.0002978181759210328
181,8941.336452223542,-0.002890282518100031
182,8941.75475496441,0.0021565661958961035
183,8942.173103089643,0.0018737602185340322
184,8942.591496599238,0.0003662249612268985
185,8943.009935493197,-0.0024263513321899554
186,8943.428419771519,-0.0022407206142142488
187,8943.846949434206,-0.004736814244907343
188,8944.265524481256,-0.011691207299214773
189,8944.68414491267,-0.0033974354846233058
190,8945.102810728447,-0.0010324982404829063
191,8945.521521928587,-0.0023387557277195826
192,8945.940278513091,0.00015097152415820443
193,8946.35908048196,0.0029256543820792404
194,8946.777927835192,-0.0014840305307699435
195,8947.196820572788,-0.006259205611341053
196,8947.615758694747,6.907062987943525e-05
197,8948.03474220107,0.002219576016780034
198,8948.453771091756,-0.0002972603066684294
199,8948.872845366806,-0.003505581197128186
200,8949.29196502622,-0.014841750575344516
201,8949.711130069998,-0.0067199080129156045
202,8950.130340498139,-0.0006193037523541407
203,8950.549596310642,0.0039178786630912595
204,8950.968897507511,-0.004074364494492731
205,8951.388244088743,-0.0032830451245226587
206,8951.807636054338,0.004575016885005886
207,8952.227073404298,0.005747653975854166
208,8952.646556138621,0.006860116396567287
209,8953.066084257307,8.402717106332797e-05
210,8953.485657760357,0.00031486611784383345
211,8953.90527664777,-0.001341231831351978
212,8954.324940919549,0.00024782355021281204
213,8954.744650575689,0.004095645350719126
214,8955.164405616193,0.012843671500577362
215,8955.584206041061,0.0050765137832421365
216,8956.004051850294,0.002173024933547145
217,8956.42394304389,0.0025518148708012973
218,8956.843879621849,-0.004639839487008191
219,8957.263861584172,0.0065956350082135885
220,8957.683888930858,0.007393187057725316
221,8958.103961661907,0.009198283288872556
222,8958.524079777322,0.004003787694858809
223,8958.9442432771,0.0015876176777405507
224,8959.36445216124,0.00917225496503004
225,8959.784706429744,-0.00043826255499874317
226,8960.205006082613,0.013073296506155884
227,8960.625351119845,0.00682909117704711
228,8961.04574154144,0.004993983337371538
229,8961.4661773474,0.005647523478348545
230,8961.886658537722,0.007270751216236142
231,8962.30718511241,0.006859151550955638
232,8962.72775707146,0.0009942798647337766
233,8963.148374414874,0.004503806457652366
234,8963.56903714265,0.006963468781532422
235,8963.989745254792,0.010649901861906893
236,8964.410498751296,0.0074479536751886986
237,8964.831297632165,0.004018269146247899
238,8965.252141897396,0.0005171546414267313
239,8965.673031546992,0.007423667433652215
240,8966.093966580951,0.005236874651109618
241,8966.514946999274,0.0024280239796191996
242,8966.93597280196,0.002823859821024073
243,8967.35704398901,0.00216233748525136
244,8967.778160560425,0.012125445001057753
245,8968.199322516202,0.019609546515883244
246,8968.620529856344,0.016443486013837976
247,8969.041782580847,0.010453843532843697
248,8969.463080689717,0.011738229277022822
249,8969.884424182948,0.008283970142591527
250,8970.305813060544,0.01180332556943367
251,8970.727247322504,0.024562884946641203
252,8971.148726968826,0.011894368973315724
253,8971.570251999512,0.016546453839892717
254,8971.991822414562,0.01822189867115237
255,8972.413438213976,0.012251511564106882
256,8972.835099397755,0.019667584944449683
257,8973.256805965895,0.0252063209995613
258,8973.6785579184,0.029253695975859265
259,8974.100355255268,0.028130967425647798
260,8974.522197976501,0.03361885110222818
261,8974.944086082096,0.03273952320405962
262,8975.366019572055,0.04410709824085668
263,8975.787998446378,0.040805297968387125
264,8976.210022705065,0.04571278395957408
265,8976.632092348114,0.049381782717753106
266,8977.05420737553,0.059421733356006555
267,8977.476367787307,0.05898416541193217
268,8977.898573583447,0.06618145325179955
269,8978.320824763952,0.10240969784699035
270,8978.74312132882,0.14673605545671384
271,8979.165463278052,0.17783764668858718
272,8979.587850611648,0.21043619418079157
273,8980.010283329608,0.2353610444331135
274,8980.43276143193,0.26210644572386954
275,8980.855284918618,0.27354509179980907
276,8981.277853789667,0.2799125526076676
277,8981.700468045081,0.29361315786220155
278,8982.12312768486,0.30738174066958646
279,8982.545832709,0.31488701617953446
280,8982.968583117505,0.3323088548253542
281,8983.391378910374,0.3599933998070669
282,8983.814220087605,0.3914289103046975
283,8984.237106649201,0.4270847867093953
284,8984.66003859516,0.47105115148695365
285,8985.083015925484,0.5088239409653481
286,8985.50603864017,0.5490908572940236
287,8985.92910673922,0.5987270157281508
288,8986.352220222634,0.6491533108857943
289,8986.775379090412,0.6954946413282564
290,8987.198583342553,0.7421428691636505
291,8987.621832979057,0.7870021125830928
292,8988.045127999927,0.8328503275860437
293,8988.468468405159,0.8833703165455836
294,8988.891854194753,0.9378116555064133
295,8989.315285368713,0.9948476751521842
296,8989.738761927036,1.0499555436346397
297,8990.162283869724,1.1075225212858668
298,8990.585851196773,1.1678623853420984
299,8991.009463908187,1.2216668186697528
300,8991.433122003966,1.2583220583449823
301,8991.856825484107,1.297946404071239
302,8992.280574348611,1.3211496111268037
303,8992.704368597479,1.3456489810249905
304,8993.128208230712,1.349411315331713
305,8993.552093248307,1.3566175870119903
306,8993.976023650266,1.3572299147122817
307,8994.39999943659,1.3449403961386408
308,8994.824020607277,1.334273816194185
309,8995.248087162327,1.324470909310176
310,8995.67219910174,1.3098687046703699
311,8996.096356425518,1.2929261704478747
312,8996.52055913366,1.2826560706114878
313,8996.944807226164,1.2611013550585786
314,8997.369100703034,1.234607093240412
315,8997.793439564266,1.211658833964036
316,8998.21782380986,1.2034416967775776
317,8998.64225343982,1.1924167346102867
318,8999.066728454143,1.1689980801180533
319,8999.49124885283,1.1507956274475704
320,8999.91581463588,1.1333801525385288
321,9000.340425803295,1.1048975682038062
322,9000.765082355072,1.0828347989806733
323,9001.189784291213,1.0665852676618217
324,9001.614531611718,1.0503452655289371
325,9002.039324316587,1.0438611646818194
326,9002.464162405819,1.0306880532866947
327,9002.889045879416,1.023636041411876
328,9003.313974737375,1.0243396863586938
329,9003.738948979697,0.9973579985127109
330,9004.163968606385,0.9928048008506203
331,9004.589033617434,0.9899185984505321
332,9005.014144012848,0.9800109205153036
333,9005.439299792626,0.9769430178676002
334,9005.864500956768,0.9739787835608211
335,9006.289747505272,0.9697251239145264
336,9006.71503943814,0.9592910335757581
337,9007.140376755373,0.9574070744459082
338,9007.56575945697,0.9544446511255333
339,9007.991187542928,0.9527108874414036
340,9008.416661013252,0.9422921428741324
341,9008.84217986794,0.9426372412034161
342,9009.26774410699,0.9346654456022436
343,9009.693353730403,0.9302077603034233
344,9010.11900873818,0.9275583730324124
345,9010.544709130321,0.9326465706422404
346,9010.970454906826,0.9244636233598647
347,9011.396246067696,0.9309651714785313
348,9011.822082612927,0.9191149777658028
349,9012.247964542525,0.9109779549474122
350,9012.673891856484,0.9114968681473505
351,9013.099864554806,0.907692795947369
352,9013.525882637494,0.9086911490689127
353,9013.951946104544,0.8942390193296919
354,9014.378054955958,0.8985845375681034
355,9014.804209191736,0.8936506618248444
356,9015.230408811876,0.8865980687765498
357,9015.656653816382,0.8899254837224175
358,9016.08294420525,0.8800884794521321
359,9016.509279978483,0.8820911695798694
360,9016.935661136078,0.8785678280197387
361,9017.362087678039,0.873223387079131
362,9017.788559604362,0.8793508815117809
363,9018.215076915048,0.8669784851730034
364,9018.6416396101,0.8606732999302626
365,9019.068247689513,0.8700655492360423
366,9019.49490115329,0.8798241005994178
367,9019.921600001431,0.8734114374681886
368,9020.348344233937,0.8614506630208109
369,9020.775133850806,0.8700184934403308
370,9021.201968852038,0.8677387480745109
371,9021.628849237633,0.8666232456215894
372,9022.055775007593,0.8619307851794413
373,9022.482746161917,0.8701009813030283
374,9022.909762700603,0.8795821655239653
375,9023.336824623653,0.869965277175542
376,9023.763931931067,0.876530678344847
377,9024.191084622846,0.8758465464536673
378,9024.618282698988,0.881861470738192
379,9025.045526159493,0.8926995235566706
380,9025.472815004361,0.8922029363313768
381,9025.900149233594,0.8963599392490076
382,9026.327528847189,0.8929552393500318
383,9026.75495384515,0.9049464950354812
384,9027.182424227472,0.9098916570219572
385,9027.60993999416,0.9092830429183474
386,9028.037501145209,0.9167137827579843
387,9028.465107680624,0.9235338668052118
388,9028.892759600401,0.9320781211278217
389,9029.320456904543,0.9380303619994579
390,9029.748199593048,0.9372212873242867
391,9030.175987665916,0.9460907870986563
392,9030.60382112315,0.9498605229613725
393,9031.031699964746,0.9544002904700848
394,9031.459624190706,0.9584845432657367
395,9031.887593801028,0.9607971703347731
396,9032.315608795716,0.9704500114776108
397,9032.743669174766,0.9742940178107692
398,9033.17177493818,0.9791596195125318
399,9033.599926085957,0.9894233498259268
400,9034.0281226181,0.9913259625231308
401,9034.456364534604,0.9961740503763616
402,9034.884651835473,1.0007990975492431
403,9035.312984520706,1.0087071113986574
404,9035.741362590301,1.0032985001075885
405,9036.169786044262,1.0164920394731833
406,9036.598254882585,1.0127296946293622
407,9037.02676910527,1.0241884930918972
408,9037.455328712322,1.0236084433226031
409,9037.883933703735,1.0287960070802478
410,9038.312584079515,1.034397764233008
411,9038.741279839656,1.0355542695491997
412,9039.17002098416,1.028386155477532
413,9039.59880751303,1.0385151544540705
414,9040.027639426262,1.0370345712620155
415,9040.456516723858,1.0390824915582277
416,9040.885439405818,1.0401748011547274
417,9041.31440747214,1.0419775341153528
418,9041.743420922829,1.0435264575958767
419,9042.172479757879,1.0394911747073934
420,9042.601583977292,1.0364156452163322
421,9043.03073358107,1.0403809601584935
422,9043.459928569213,1.0450860649844964
423,9043.889168941718,1.0491606249649204
424,9044.318454698587,1.0531602691001676
425,9044.747785839818,1.0543685083408976
426,9045.177162365415,1.0463071731700508
427,9045.606584275374,1.0515836370411038
428,9046.036051569698,1.0572215262846703
429,9046.465564248385,1.05417772591442
430,9046.895122311435,1.0554635993557784
431,9047.32472575885,1.0537153345258417
432,9047.754374590628,1.059738575733569
433,9048.18406880677,1.06055662290688
434,9048.613808407274,1.0488647286451398
435,9049.043593392144,1.0516170487890415
436,9049.473423761376,1.046825638769474
437,9049.903299514972,1.0423842601577096
438,9050.333220652932,1.044642070803158
439,9050.763187175255,1.0438662168475314
440,9051.193199081941,1.0427013472937743
441,9051.623256372992,1.0485654873856327
442,9052.053359048406,1.0480299656933272
443,9052.483507108185,1.0477992473623894
444,9052.913700552326,1.0491505393951053
445,9053.343939380831,1.0544110788229766
446,9053.7742235937,1.0535547530519191
447,9054.204553190933,1.0470963255833845
448,9054.634928172529,1.0424375803079629
449,9055.065348538488,1.046311808124417
450,9055.495814288812,1.0461222531536774
451,9055.9263254235,1.0508587202803028
452,9056.356881942549,1.050153076284131
453,9056.787483845965,1.0457286528617031
454,9057.218131133743,1.0416736024691007
455,9057.648823805885,1.0465716830548852
456,9058.079561862389,1.034407768002219
457,9058.510345303257,1.04654437956652
458,9058.941174128491,1.03762112346122
459,9059.372048338086,1.038445976024402
460,9059.802967932046,1.0344099739809367
461,9060.23393291037,1.0375828779790952
462,9060.664943273057,1.030289411433936
463,9061.095999020108,1.0383201764817356
464,9061.527100151521,1.0408544480123658
465,9061.9582466673,1.0357144522296806
466,9062.389438567441,1.0348593221138878
467,9062.820675851946,1.0319066689747673
468,9063.251958520816,1.033662123124841
469,9063.683286574049,1.0266018367733074
470,9064.114660011644,1.0238570339949318
471,9064.546078833604,1.023394382891515
472,9064.977543039928,1.0236723941245147
473,9065.409052630615,1.0248297115299652
474,9065.840607605665,1.0196030794835882
475,9066.27220796508,1.021914508313559
476,9066.703853708857,1.020582253056999
477,9067.135544837,1.0248237862554088
478,9067.567281349506,1.0220083586263438
479,9067.999063246374,1.0239793778680366
480,9068.430890527607,1.0120824554290224
481,9068.862763193203,1.0207422655408571
482,9069.294681243162,1.0165786244973534
483,9069.726644677487,1.011478035560061
484,9070.158653496173,1.0063418038448617
485,9070.590707699224,1.0083522624319943
486,9071.02280728664,1.0077600573795402
487,9071.454952258417,1.0074849517077482
488,9071.887142614558,1.0020848497818278
489,9072.319378355063,1.0050045767691371
490,9072.751659479933,1.0019620270877914
491,9073.183985989166,1.0032588516034535
492,9073.616357882762,0.9983726543782834
493,9074.048775160722,1.0040971994045882
494,9074.481237823045,0.9974409950312
495,9074.913745869731,1.005801664845102
496,9075.346299300783,0.9996904538687728
497,9075.778898116198,0.9927903168425601
498,9076.211542315976,0.9890475767621858
499,9076.644231900116,0.9918260058880124
500,9077.076966868623,0.9843075633883283
501,9077.509747221491,0.989469554928398
502,9077.942572958724,0.9832293103529129
503,9078.37544408032,0.9916780702880741
504,9078.80836058628,0.9887549778166611
505,9079.241322476604,0.9860059807404847
506,9079.674329751291,0.9844681568081164
507,9080.107382410342,0.981302974054282
508,9080.540480453756,0.9837229752835823
509,9080.973623881535,0.983036040844131
510,9081.406812693676,0.9829846344969235
511,9081.840046890182,0.9801207111782855
512,9082.273326471051,0.9716666034537182
513,9082.706651436283,0.9804123780006839
514,9083.140021785879,0.9800644031466305
515,9083.573437519839,0.9801730799828408
516,9084.006898638163,0.976402834014891
517,9084.440405140851,0.9730108318091555
518,9084.873957027901,0.9736452437765314
519,9085.307554299316,0.9789800381988587
520,9085.741196955094,0.9776063656791636
521,9086.174884995236,0.9747428019003119
522,9086.608618419741,0.9743678430043429
523,9087.04239722861,0.9766218944071077
524,9087.476221421843,0.9771947540018104
525,9087.91009099944,0.9756364575879288
526,9088.344005961399,0.975548813901906
527,9088.777966307724,0.9737231916795541
528,9089.21197203841,0.9817462916944928
529,9089.64602315346,0.983075138510402
530,9090.080119652876,0.9722152757429527
531,9090.514261536653,0.9720303042922271
532,9090.948448804795,0.9744534223267793
533,9091.3826814573,0.9793567754899237
534,9091.81695949417,0.9759085436645053
535,9092.251282915402,0.9784883322091908
536,9092.685651720998,0.9861309776504759
537,9093.120065910958,0.9836253521258006
538,9093.554525485282,0.981061458669899
539,9093.98903044397,0.9778974622575027
540,9094.423580787021,0.9799347592331966
541,9094.858176514435,0.9789413349209255
542,9095.292817626214,0.9772391572167539
543,9095.727504122355,0.9856968987376653
544,9096.162236002861,0.9825636249920728
545,9096.59701326773,0.9784831840934226
546,9097.031835916963,0.9902666743230861
547,9097.466703950558,0.9859255108905234
548,9097.90161736852,0.9913089330440715
549,9098.336576170843,0.9923884668410738
550,9098.77158035753,0.9905896211146061
551,9099.206629928582,0.9874427562901396
552,9099.641724883995,0.990476657063665
553,9100.076865223773,0.996252801119583
554,9100.512050947915,0.9924623552391064
555,9100.94728205642,0.9908782404017036
556,9101.38255854929,0.9893840487756951
557,9101.817880426523,0.9917437003274372
558,9102.253247688119,0.9852602841362235
559,9102.688660334079,0.9884651320560607
560,9103.124118364403,0.9943797777509209
561,9103.55962177909,0.9970946323954463
562,9103.995170578142,0.99082359896337
563,9104.430764761557,0.9862243273439041
564,9104.866404329334,0.9895944752350715
565,9105.302089281477,0.9924606476080511
566,9105.737819617982,0.9949527840869136
567,9106.17359533885,0.996481893078319
568,9106.609416444084,0.9948740575801822
569,9107.045282933681,0.9978158797230771
570,9107.48119480764,0.9998162616455641
571,9107.917152065964,0.9949415833025962
572,9108.353154708651,0.9994834684441654
573,9108.789202735703,0.9919023664955986
574,9109.225296147117,0.9959605084380814
575,9109.661434942895,0.9994388775058458
576,9110.097619123037,1.0036068154088527
577,9110.533848687543,0.9983237836330964
578,9110.970123636413,0.9949779300315786
579,9111.406443969645,0.9970384772266111
580,9111.842809687241,1.0015250511018008
581,9112.279220789202,1.0012318229999695
582,9112.715677275524,1.0003628898535308
583,9113.152179146213,1.004400844800695
584,9113.588726401264,1.0000659399476732
585,9114.025319040678,1.007572448675518
586,9114.461957064457,1.0056811964086205
587,9114.898640472598,1.006308962385825
588,9115.335369265104,1.007279066593543
589,9115.772143441973,1.0035537266946792
590,9116.208963003206,1.0057849316824572
591,9116.645827948803,1.0080572112459718
592,9117.082738278763,1.0017169070750043
593,9117.519693993087,1.0098147221042986
594,9117.956695091774,1.0062603310234697
595,9118.393741574824,1.008182250318721
596,9118.83083344224,1.0052150355008007
597,9119.267970694018,1.0046707905445125
598,9119.70515333016,1.0053279455491788
599,9120.142381350666,1.0100132590534217
600,9120.579654755535,1.0084533804794393
601,9121.016973544767,1.0080821376818467
602,9121.454337718364,1.0126640663148727
603,9121.891747276324,1.0124129753401558
604,9122.329202218649,1.0067097693703733
605,9122.766702545336,1.0045850324459962
606,9123.204248256387,1.0106238958076519
607,9123.641839351802,1.0142829908661666
608,9124.07947583158,1.0116871103862648
609,9124.517157695722,1.0061817915477378
610,9124.954884944227,1.0105775386821747
611,9125.392657577097,1.01173923350878
612,9125.83047559433,1.0162483622587526
613,9126.268338995926,1.0149995746418887
614,9126.706247781887,1.0064384932894614
615,9127.144201952211,1.001032017794508
616,9127.582201506897,1.0152909485741848
617,9128.020246445949,1.0090982581862726
618,9128.458336769363,1.0088513293385093
619,9128.896472477141,1.0111962031892003
620,9129.334653569284,1.0106435129528077
621,9129.77288004579,1.0156522134431336
622,9130.211151906658,1.0091280742486912
623,9130.649469151893,1.012924640555275
624,9131.087831781488,1.017234160906474
625,9131.526239795448,1.0103615102580665
626,9131.964693193773,1.0092716289547976
627,9132.40319197646,1.0084075132604666
628,9132.841736143511,1.0131819673171507
629,9133.280325694926,1.0084814252141392
630,9133.718960630704,1.0068433194185409
631,9134.157640950847,1.017862876420904
632,9134.596366655353,1.0104452236548784
633,9135.035137744222,1.0129019454499715
634,9135.473954217454,1.013576052070004
635,9135.912816075052,1.0106379287179712
636,9136.351723317011,1.0165804470666306
637,9136.790675943335,1.0133789303214646
638,9137.229673954023,1.0173688917763268
639,9137.668717349074,1.0157037302071328
640,9138.107806128488,1.0163037462506548
641,9138.546940292268,1.0175957256163193
642,9138.986119840409,1.0130526204219485
643,9139.425344772915,1.0173577679183858
644,9139.864615089784,1.0251579151066075
645,9140.303930791017,1.0233987256496517
646,9140.743291876614,1.0216337361683583
647,9141.182698346574,1.0168961295819683
648,9141.622150200898,1.0133632601939566
649,9142.061647439587,1.016422021149901
650,9142.501190062638,1.0134488400946886
651,9142.940778070051,1.0157572263484411
652,9143.38041146183,1.014100933903301
653,9143.820090237972,1.0101985309737467
654,9144.259814398478,1.0121416424899237
655,9144.699583943348,1.0177187993967158
656,9145.139398872581,1.0146900668043466
657,9145.579259186177,1.0150384609397447
658,9146.019164884137,1.0163245700872274
659,9146.459115966461,1.011021765737722
660,9146.89911243315,1.015751642615915
661,9147.3391542842,1.010387114220546
662,9147.779241519615,1.0083511777007006
663,9148.219374139393,1.0129622219711365
664,9148.659552143536,1.0119496415276417
665,9149.099775532042,1.0125724871809423
666,9149.540044304911,1.0093000731188164
667,9149.980358462144,1.0109541624067346
668,9150.420718003741,1.0151988775073908
669,9150.8611229297,1.0103630251711153
670,9151.301573240025,1.008086618163736
671,9151.742068934713,1.006731689430263
672,9152.182610013764,1.0057870541853247
673,9152.62319647718,1.0068471148593197
674,9153.063828324957,1.0023982731199217
675,9153.504505557099,1.0087507968251725
676,9153.945228173605,1.0111950550956992
677,9154.385996174475,1.0049254875794613
678,9154.826809559709,1.0008814764330505
679,9155.267668329305,1.0069609562973727
680,9155.708572483265,1.00807966671852
681,9156.14952202159,1.0044294044744495
682,9156.590516944276,1.0044472734738188
683,9157.031557251328,1.0048644868748087
684,9157.472642942743,1.003771955714413
685,9157.913774018522,1.0026145899235748
686,9158.354950478664,1.0041329651970914
687,9158.79617232317,1.0040297207732458
688,9159.237439552038,1.0070524232489377
689,9159.678752165271,1.0085628825174453
690,9160.120110162869,1.0067835190599443
691,9160.56151354483,1.0031059158177005
692,9161.002962311153,1.0063998254963478
693,9161.44445646184,1.0072983105666176
694,9161.885995996892,1.0109765198554441
695,9162.327580916308,1.002809204024207
696,9162.769211220086,1.0002103585857824
697,9163.210886908228,1.0048718823505187
698,9163.652607980734,1.000435372821663
699,9164.094374437604,1.0005693388818455
700,9164.536186278836,1.0013769213394994
701,9164.978043504434,0.9992357057056763
702,9165.419946114394,0.9999825827465655
703,9165.861894108717,1.0028424348155593
704,9166.303887487406,0.9941192106343835
705,9166.745926250456,0.9965643707792154
706,9167.188010397871,0.9972485706211607
707,9167.63013992965,1.0021795475877662
708,9168.072314845793,0.9987361386646529
709,9168.514535146298,0.9989030482757061
710,9168.956800831167,1.00180699873125
711,9169.3991119004,0.9954365143850974
712,9169.841468353998,0.9939727328674006
713,9170.283870191959,0.9935087514809688
714,9170.726317414283,1.0000317370627436
715,9171.16881002097,0.9990350536805036
716,9171.611348012022,0.9971452028570017
717,9172.053931387436,0.9955741280120303
718,9172.496560147216,0.9887110259616518
719,9172.939234291358,0.9962094323212901
720,9173.381953819864,0.9926044921818029
721,9173.824718732732,0.9908371683463639
722,9174.267529029967,0.9956071847059242
723,9174.710384711563,0.9958049277781718
724,9175.153285777524,0.9916292163491136
725,9175.596232227848,0.9936933391751597
726,9176.039224062535,0.9868133168375499
727,9176.482261281586,0.9993909234061316
728,9176.925343885001,0.9948159128111214
729,9177.36847187278,0.9865436507557084
730,9177.811645244923,0.9952042365085696
731,9178.254864001428,0.9969178843765583
732,9178.698128142298,0.9936481972812864
733,9179.141437667531,0.9937184572887351
734,9179.584792577129,0.9947555121897982
735,9180.028192871088,0.9900104170811828
736,9180.471638549414,0.9885325870450439
737,9180.9151296121,0.9909149286888776
738,9181.358666059152,0.9987619145124651
739,9181.802247890568,1.0078400485374048
740,9182.245875106346,0.9997883287713736
741,9182.689547706488,0.9913917438640707
742,9183.133265690994,0.9974647102597225
743,9183.577029059863,1.0003819389224597
744,9184.020837813097,0.9966145851622581
745,9184.464691950694,1.0018624932804971
746,9184.908591472655,1.002970928882328
747,9185.35253637898,0.9946844206596239
748,9185.796526669666,0.9945457512091855
749,9186.240562344718,0.9912979886895943
750,9186.684643404133,0.9919264729613626
751,9187.128769847912,0.9962777059123861
752,9187.572941676055,0.9920911918398678
753,9188.01715888856,0.9977252595389462
754,9188.46142148543,0.9965584284542687
755,9188.905729466664,0.9936118121461301
756,9189.35008283226,0.9974453393431301
757,9189.794481582221,0.9982341349156534
758,9190.238925716545,0.9937157294871908
759,9190.683415235233,0.9902671369488043
760,9191.127950138283,0.9898925568440031
761,9191.5725304257,0.9969623873478275
762,9192.017156097478,0.9927032567673417
763,9192.46182715362,0.9931204237054507
764,9192.906543594127,0.994087380960088
765,9193.351305418995,0.9934788474668091
766,9193.79611262823,0.9978660665495074
767,9194.240965221827,0.9978290875498587
768,9194.685863199787,0.9911821350415462
769,9195.13080656211,0.993722874790179
770,9195.5757953088,0.9938908185909436
771,9196.02082943985,0.9900540285249257
772,9196.465908955266,0.9844415354172278
773,9196.911033855044,0.9922459061528934
774,9197.356204139187,0.9887775198652433
775,9197.801419807693,0.9892391981007083
776,9198.246680860562,0.9884794642211536
777,9198.691987297796,0.9889182232656011
778,9199.137339119392,0.9913400331218605
779,9199.582736325354,0.9908770499997046
780,9200.028178915678,0.9942010768073565
781,9200.473666890366,0.9892247292504095
782,9200.919200249416,0.9916891851109411
783,9201.364778992833,0.9889561401372894
784,9201.810403120611,0.9928812731345404
785,9202.256072632754,0.9916828123630663
786,9202.70178752926,0.9872485187457513
787,9203.14754781013,0.9856799825490977
788,9203.593353475362,0.9917686494169294
789,9204.03920452496,0.9974366467185553
790,9204.48510095892,0.9967779892258146
791,9204.931042777245,0.9892961946138
792,9205.377029979933,0.9943071928277957
793,9205.823062566984,0.9893550305760286
794,9206.2691405384,0.9984491902167616
795,9206.715263894179,0.9901161245799901
796,9207.16143263432,0.9946722736400542
797,9207.607646758826,0.9944984702308985
798,9208.053906267696,1.0033745652346728
799,9208.50021116093,0.9930618501160793
800,9208.946561438526,0.9967587532209948
801,9209.392957100488,0.9952684169422598
802,9209.839398146813,0.9925939373961019
803,9210.2858845775,1.0023609397459323
804,9210.732416392551,0.9978429885549178
805,9211.178993591966,0.9966060626144965
806,9211.625616175746,0.9948772864313243
807,9212.072284143887,0.9934246994597424
808,9212.518997496394,1.0052815216873294
809,9212.965756233265,1.0044203525436397
810,9213.412560354498,0.9958013273672973
811,9213.859409860095,0.9946457330691516
812,9214.306304750055,0.995567946770763
813,9214.75324502438,0.9998846887245623
814,9215.200230683067,1.0012236308343394
815,9215.647261726119,0.9969028137952091
816,9216.094338153534,1.0023147767688312
817,9216.541459965314,0.9973773038590333
818,9216.988627161456,0.9969879060681496
819,9217.435839741962,1.0031332783870552
820,9217.883097706832,1.0009988475694527
821,9218.330401056066,1.0003726271501168
822,9218.777749789662,0.9992846703310354
823,9219.225143907623,0.9906773956156241
824,9219.672583409947,0.9974869667421646
825,9220.120068296636,0.9995154765016409
826,9220.567598567688,0.9950954652662626
827,9221.015174223103,0.9935844458950954
828,9221.462795262882,0.9976691569742748
829,9221.910461687025,1.0010861707614618
830,9222.35817349553,1.002156958549783
831,9222.8059306884,1.0002269134848456
832,9223.253733265634,0.9960560927617147
833,9223.701581227231,0.9926291069188014
834,9224.14947457319,0.9977431121701511
835,9224.597413303516,1.0062303473663095
836,9225.045397418204,1.0042498302625475
837,9225.493426917255,0.9985889998130583
838,9225.941501800671,0.9995040176792028
839,9226.38962206845,1.001786797467151
840,9226.837787720593,1.001152481769692
841,9227.2859987571,1.0002393251347297
842,9227.73425517797,1.0021933426387406
843,9228.182556983202,1.0078077862942383
844,9228.630904172798,0.9992942176756867
845,9229.07929674676,0.9956142899756362
846,9229.527734705085,0.9989187575288245
847,9229.976218047772,0.9941648465795948
848,9230.424746774825,0.9976872647525146
849,9230.87332088624,0.9971954027801939
850,9231.321940382019,0.9990636992386857
851,9231.770605262162,0.9963562331038157
852,9232.219315526667,1.0068636484275817
853,9232.668071175536,0.999685181135702
854,9233.116872208771,0.9995639303758022
855,9233.565718626367,1.0001056705761875
856,9234.014610428329,1.0012558590862601
857,9234.463547614652,1.0015670207235294
858,9234.912530185342,1.0101966670668374
859,9235.361558140394,1.0020135920376922
860,9235.810631479808,1.003102803018462
861,9236.259750203588,0.9976631906963254
862,9236.70891431173,1.0034507078676285
863,9237.158123804236,1.0063559484362832
864,9237.607378681107,1.0013244796361462
865,9238.05667894234,0.9976216788394692
866,9238.506024587938,0.9991552050468016
867,9238.955415617898,1.0022163866770062
868,9239.404852032223,0.9990283090092966
869,9239.85433383091,1.0005217281103231
870,9240.303861013963,1.000438814813288
871,9240.753433581378,1.0038457123569096
872,9241.203051533157,1.0036940987193055
873,9241.652714869299,1.0039679993715762
874,9242.102423589806,1.0007802189644726
875,9242.552177694675,1.0017424972908053
876,9243.001977183909,1.0073829705887976
877,9243.451822057506,0.9982338634767245
878,9243.901712315466,0.998927228863158
879,9244.351647957792,1.001425633004493
880,9244.80162898448,1.0029142467688923
881,9245.251655395532,1.0026196016654874
882,9245.701727190946,0.9973615327640584
883,9246.151844370726,1.0057376147345845
884,9246.602006934869,0.9960930309176302
885,9247.052214883375,1.0013790297357859
886,9247.502468216246,1.0084602869547097
887,9247.952766933478,1.0026006323148604
888,9248.403111035075,1.0030419820731888
889,9248.853500521036,0.9994624300253606
890,9249.303935391361,1.0006129119102505
891,9249.75441564605,1.0033680667862563
892,9250.204941285101,1.0055324112745425
893,9250.655512308516,1.006682181698694
894,9251.106128716296,1.003611980067788
895,9251.556790508439,1.0084058971333039
896,9252.007497684945,1.0005351642109204
897,9252.458250245814,1.0030057811265645
898,9252.909048191048,1.0002346080922209
899,9253.359891520646,1.0018360782812228
900,9253.810780234608,1.0004318343452123
901,9254.261714332932,1.0004445869720642
902,9254.71269381562,1.0102330748831978
903,9255.163718682672,0.9994588631066526
904,9255.614788934086,1.001363635734272
905,9256.065904569867,1.0012273278102772
906,9256.51706559001,1.0038972010755933
907,9256.968271994516,1.0056513133450937
908,9257.419523783385,1.00363535598207
909,9257.87082095662,0.9989411854545951
910,9258.322163514216,1.0052161352137832
911,9258.773551456177,1.0064094111714668
912,9259.224984782502,0.9985452074087882
913,9259.67646349319,1.0090222475038555
914,9260.127987588243,1.013194503716063
915,9260.579557067658,0.999934633356724
916,9261.031171931436,1.0018261647600557
917,9261.48283217958,1.006193099490364
918,9261.934537812085,0.99704605628146
919,9262.386288828955,1.0001326240631294
920,9262.838085230189,0.9979417487197464
921,9263.289927015787,0.9977305765129276
922,9263.741814185747,1.0033842887906195
923,9264.193746740073,0.999837278571005
924,9264.645724678761,1.0072795245079402
925,9265.097748001812,0.9982225654160388
926,9265.549816709228,0.9984564086276202
927,9266.001930801007,1.0059207771950331
928,9266.45409027715,1.006370484541309
929,9266.906295137656,1.001835526985357
930,9267.358545382527,1.0054582044847007
931,9267.81084101176,1.0022964695031993
932,9268.263182025357,1.0018510622267747
933,9268.715568423318,1.0068606321989115
934,9269.168000205644,1.0024204571222868
935,9269.620477372331,1.006481966469023
936,9270.072999923384,0.9989497008545314
937,9270.5255678588,0.9992568127049161
938,9270.978181178578,0.9979647751573384
939,9271.430839882722,1.005337563652919
940,9271.883543971227,1.0030140304214255
941,9272.336293444097,1.0006244934094504
942,9272.789088301332,0.9965076130822901
943,9273.24192854293,0.9960382728788162
944,9273.69481416889,0.9974892812719369
945,9274.147745179214,0.9939875405268703
946,9274.600721573903,1.0004468590544973
947,9275.053743352955,0.9959208209650936
948,9275.50681051637,1.0035591576297418
949,9275.95992306415,1.0012461160169486
950,9276.413080996294,0.9960939406523036
951,9276.866284312799,0.9889456988354351
952,9277.31953301367,0.9985326953089977
953,9277.772827098903,1.0027114128064063
954,9278.2261665685,1.0050221916284525
955,9278.679551422461,1.0008864969483573
956,9279.132981660787,0.9903859960475047
957,9279.586457283474,0.9993222029763905
958,9280.039978290526,1.005840503397393
959,9280.493544681942,1.0079111008728212
960,9280.947156457722,0.9965232785758908
961,9281.400813617864,1.0002787325434692
962,9281.854516162372,1.0002755804380743
963,9282.308264091242,1.0029188168232588
964,9282.762057404474,1.0024312515685039
965,9283.215896102072,0.9991961135964939
966,9283.669780184033,0.9971125698681149
967,9284.123709650357,0.9939551197258194
968,9284.577684501046,0.9995752340668761
969,9285.031704736099,0.9992045394754612
970,9285.485770355514,0.995747612211247
971,9285.939881359294,1.003171191203183
972,9286.394037747436,1.0038041991069524
973,9286.848239519943,1.000965537665532
974,9287.302486676814,0.9967386546808117
975,9287.756779218047,0.9967631899484738
976,9288.211117143645,1.00304611258994
977,9288.665500453606,1.0011691130540128
978,9289.11992914793,0.9913385107243565
979,9289.57440322662,1.0003188702524646
980,9290.028922689671,0.9979997463657357
981,9290.483487537087,0.9960670958584787
982,9290.938097768865,0.9971155261681733
983,9291.39275338501,0.9952775822025888
984,9291.847454385515,0.9959927190430008
985,9292.302200770386,0.9968254156689321
986,9292.75699253962,1.0002262256983467
987,9293.211829693217,1.001765107215763
988,9293.666712231177,0.9926590495357122
989,9294.121640153502,0.996518644373027
990,9294.57661346019,0.9982347595812864
991,9295.031632151244,0.9987837419113812
992,9295.486696226659,0.9972016405374466
993,9295.941805686438,0.9975847907581668
994,9296.396960530581,0.9997260297675696
995,9296.852160759088,1.0013579662060703
996,9297.307406371958,0.9987003600680483
997,9297.762697369193,1.0012204213130496
998,9298.218033750789,1.003969298887225
999,9298.67341551675,0.9990657166675769
1000,9299.128842667076,0.993569710384721
1001,9299.584315201764,0.9960645842264247
1002,9300.039833120816,0.9959860913709714
1003,9300.495396424232,0.9920772480003863
1004,9300.951005112012,0.9985634477334293
1005,9301.406659184155,1.002612099262429
1006,9301.862358640661,1.0009724248770633
1007,9302.318103481532,0.992074301317527
1008,9302.773893706766,0.9973413945932381
1009,9303.229729316363,0.9931858742955437
1010,9303.685610310324,0.9985234510225702
1011,9304.141536688649,0.9940800559994498
1012,9304.597508451337,0.9894826924618599
1013,9305.053525598389,0.9926172048619365
1014,9305.509588129806,0.9968263013526716
1015,9305.965696045585,0.9933329500045379
1016,9306.421849345728,1.0018240318615734
1017,9306.878048030234,0.9939370478679229
1018,9307.334292099105,0.9959626321140216
1019,9307.790581552339,1.0016307877925237
1020,9308.246916389937,1.0049001918533014
1021,9308.703296611897,0.9998430237619662
1022,9309.159722218223,0.9975128725267004
1023,9309.61619320891,0.9968302140800906
1024,9310.072709583963,1.0004633480801788
1025,9310.52927134338,0.9965992708228795
1026,9310.985878487158,0.9993029356287304
1027,9311.442531015302,0.9950593709349265
1028,9311.899228927809,1.0010573147846293
1029,9312.35597222468,0.9975324268783768
1030,9312.812760905912,1.0026902563159041
1031,9313.26959497151,1.002456431968775
1032,9313.726474421472,1.0033942953180004
1033,9314.183399255797,0.9949294925097314
1034,9314.640369474484,0.9992623293869756
1035,9315.097385077537,0.9915359597322728
1036,9315.554446064953,0.9903238261356575
1037,9316.011552436732,0.9971336220086684
1038,9316.468704192876,0.9884685889026215
1039,9316.925901333381,0.9918798340928148
1040,9317.383143858253,0.9922289989276722
1041,9317.840431767487,0.99772270675311
1042,9318.297765061085,1.0053153886739377
1043,9318.755143739045,0.994729090003051
1044,9319.21256780137,0.9918705108782484
1045,9319.670037248059,0.9974187389231995
1046,9320.127552079111,1.0013872391150085
1047,9320.585112294526,0.997753292709184
1048,9321.042717894306,0.9962496081767152
1049,9321.500368878449,0.996108585322046
1050,9321.958065246956,0.9969154546670561
1051,9322.415806999827,0.9961638403326889
1052,9322.873594137061,0.9951347024732606
1053,9323.331426658659,0.9972855715759011
1054,9323.78930456462,0.9950447068319497
1055,9324.247227854945,0.9959198520419626
1056,9324.705196529632,0.9993586174598204
1057,9325.163210588686,0.9986257404770262
1058,9325.621270032101,0.9989926274312197
1059,9326.07937485988,0.9987353427746775
1060,9326.537525072024,1.0008764969546518
1061,9326.99572066853,0.9952699017634453
1062,9327.4539616494,0.9959627562469106
1063,9327.912248014634,1.0017080210818197
1064,9328.370579764232,0.9981902907673857
1065,9328.828956898195,0.9961036258056307
1066,9329.287379416519,0.9963768021186845
1067,9329.745847319207,1.0026574391526084
1068,9330.20436060626,0.997429121316787
1069,9330.662919277676,0.996042535569214
1070,9331.121523333455,1.0009184613677
1071,9331.580172773598,0.9985252791339193
1072,9332.038867598105,1.0041803829524674
1073,9332.497607806976,0.992232865293743
1074,9332.95639340021,0.9962033246351498
1075,9333.415224377808,1.0006477191405634
1076,9333.87410073977,0.9988260924263036
1077,9334.333022486095,1.0030854055441045
1078,9334.791989616782,0.9960052419351622
1079,9335.251002131836,1.0007453765723329
1080,9335.710060031251,0.9964429349721076
1081,9336.169163315031,1.0010937054053288
1082,9336.628311983173,1.00013840334507
1083,9337.087506035681,1.0029887738811714
1084,9337.546745472551,1.0002666293144098
1085,9338.006030293785,1.0069676771288405
1086,9338.465360499384,1.0006614663069668
1087,9338.924736089344,0.9971341923533712
1088,9339.384157063669,0.9955242057887079
1089,9339.843623422359,0.995737835526159
1090,9340.30313516541,0.9990142647504625
1091,9340.762692292827,0.9998779042070067
1092,9341.222294804606,0.999638210106658
1093,9341.681942700749,1.0028830213824054
1094,9342.141635981256,0.9939229601006029
1095,9342.601374646127,0.9957559225441854
1096,9343.06115869536,1.0013967594162962
1097,9343.52098812896,0.9958109955475062
1098,9343.98086294692,0.9983965132362452
1099,9344.440783149244,1.0003886112182454
1100,9344.900748735934,1.0055397467163885
1101,9345.360759706986,1.0010817647899284
1102,9345.820816062402,0.9969442794170966
1103,9346.280917802182,0.9994191511935658
1104,9346.741064926326,1.002359363273572
1105,9347.201257434832,0.9984490615924313
1106,9347.661495327702,0.9983485975579928
1107,9348.121778604936,0.9994584029126539
1108,9348.582107266535,1.003184795959036
1109,9349.042481312496,0.9979995629617484
1110,9349.50290074282,1.0008079560714864
1111,9349.963365557509,0.9961765035980514
1112,9350.423875756562,0.9950061568841264
1113,9350.884431339979,1.0023729164303687
1114,9351.345032307758,0.998525934222565
1115,9351.8056786599,1.0018548601575565
1116,9352.266370396408,1.0004887896431218
1117,9352.72710751728,1.0009369452799382
1118,9353.187890022513,0.9982029708724767
1119,9353.64871791211,1.001085398071146
1120,9354.109591186072,0.9987725236012364
1121,9354.570509844398,0.9990734096948455
1122,9355.031473887086,0.9961165819871329
1123,9355.492483314138,0.9960840474751377
1124,9355.953538125554,0.9991256461951419
1125,9356.414638321334,0.9963946620328865
1126,9356.875783901478,0.9981649826090191
1127,9357.336974865984,1.0007869551474604
1128,9357.798211214855,0.998553437890319
1129,9358.25949294809,0.9989201734367856
1130,9358.720820065688,1.0049754850277828
1131,9359.182192567649,1.0060671596683748
1132,9359.643610453973,1.0046521789018352
1133,9360.105073724662,0.998715587180115
1134,9360.566582379715,1.0029884902353638
1135,9361.02813641913,1.0037969406490561
1136,9361.489735842912,1.0032766830298483
1137,9361.951380651055,1.0014386672947762
1138,9362.41307084356,1.0014438011818418
1139,9362.874806420432,1.0066876884218734
1140,9363.336587381666,1.0044849876431023
1141,9363.798413727263,1.005633501798945
1142,9364.260285457225,1.0005726417644931
1143,9364.722202571551,1.0006025224557182
1144,9365.184165070239,0.9964291462671939
1145,9365.646172953291,1.00030979186085
1146,9366.108226220707,1.0008513658732894
1147,9366.570324872488,1.0011238257560764
1148,9367.03246890863,1.0028158445763893
1149,9367.494658329138,0.9983473820216684
1150,9367.956893134009,1.0024904058782194
1151,9368.419173323244,0.9999507064517767
1152,9368.88149889684,1.0039159494231498
1153,9369.343869854802,1.002866556949935
1154,9369.806286197128,1.00376290080241
1155,9370.268747923816,1.0003268723452017
1156,9370.731255034869,0.9996479239017637
1157,9371.193807530286,1.0007481118374617
1158,9371.656405410065,1.0009452817773894
1159,9372.119048674209,1.0030741713702525
1160,9372.581737322715,1.0041188550605118
1161,9373.044471355586,1.004555918863824
1162,9373.50725077282,1.0024179422073745
1163,9373.970075574418,1.006313104756848
1164,9374.43294576038,1.0013844207098224
1165,9374.895861330706,1.005137136534918
1166,9375.358822285394,1.0070283354579312
1167,9375.821828624446,1.0079339706686525
1168,9376.284880347863,1.004388514152984
1169,9376.747977455643,1.0035313942019255
1170,9377.211119947786,1.0001657290808112
1171,9377.674307824293,1.0016222239486858
1172,9378.137541085163,1.0006163965681525
1173,9378.600819730398,0.9965736846286171
1174,9379.064143759995,0.9983477776700291
1175,9379.527513173958,0.9937737050832129
1176,9379.990927972283,0.9954746389953737
1177,9380.454388154973,0.9928095625413942
1178,9380.917893722024,0.996122774827455
1179,9381.381444673441,1.0004397534612695
1180,9381.845041009221,1.003752845312295
1181,9382.308682729365,0.9993907680924938
1182,9382.77236983387,0.9991302508026099
1183,9383.236102322742,1.0075875796333764
1184,9383.699880195976,1.0027725746666156
1185,9384.163703453574,1.005394783227426
1186,9384.627572095536,1.006074565249204
1187,9385.09148612186,1.0047466422534352
1188,9385.55544553255,1.001937108129344
1189,9386.019450327603,1.0025328701451346
1190,9386.483500507018,1.0018786373233772
1191,9386.947596070799,0.9971945267369695
1192,9387.411737018941,1.0037515694447263
1193,9387.875923351448,1.0048431127610957
1194,9388.34015506832,1.0007311183671246
1195,9388.804432169554,1.0043883998977967
1196,9389.268754655153,1.0037991529357988
1197,9389.733122525115,1.0058678674997763
1198,9390.19753577944,1.005706406606992
1199,9390.661994418128,1.005328090008963
1200,9391.126498441181,1.0006527169265647
1201,9391.591047848597,1.0030904851599574
1202,9392.055642640376,1.004075655858993
1203,9392.52028281652,1.0016286168576487
1204,9392.984968377028,1.0014170466505274
1205,9393.449699321898,1.0015507703343622
1206,9393.914475651132,1.0015399784352108
1207,9394.37929736473,0.998098672237585
1208,9394.844164462693,0.9993005186275346
1209,9395.309076945017,1.0066490049238297
1210,9395.774034811708,1.0008841706581548
