Data,Energy,0
0,8866.371181979897,0.010305759929973096
1,8866.781270150947,0.018566264318435645
2,8867.19140370636,0.01136910810095181
3,8867.601582646137,0.0028798874404396633
4,8868.011806970277,0.01136044365060656
5,8868.422076678782,0.002177457196395718
6,8868.83239177165,0.002547910783725561
7,8869.24275224888,-0.0020116086854427397
8,8869.653158110475,0.006239069834932339
9,8870.063609356434,0.011083177564596876
10,8870.474105986756,0.011796233185070056
11,8870.884648001442,0.013429818123433652
12,8871.295235400492,0.0026339368331873268
13,8871.705868183904,0.01180751674831695
14,8872.116546351683,0.005658923573906197
15,8872.527269903821,0.006449260766501352
16,8872.938038840326,0.002414251016158743
17,8873.348853161195,0.008403449098713548
18,8873.759712866426,0.009493308513005706
19,8874.17061795602,0.012839437048299825
20,8874.58156842998,0.005469708424655346
21,8874.9925642883,0.008754476300493278
22,8875.403605530988,0.0045213372043473605
23,8875.814692158037,0.0025489153694735066
24,8876.22582416945,0.009728425397577891
25,8876.637001565226,0.0017631881058356837
26,8877.048224345368,0.0024208819451329603
27,8877.459492509872,0.004690534667569729
28,8877.87080605874,0.0028488817958827873
29,8878.282164991972,0.004418574672836635
30,8878.693569309566,0.00685298136445606
31,8879.105019011526,0.0047435215830840954
32,8879.516514097848,0.0042575194667569035
33,8879.928054568534,0.007673575876511406
34,8880.339640423583,0.009765096514585264
35,8880.751271662995,0.006124504531082972
36,8881.162948286774,0.009954873731848174
37,8881.574670294915,-0.0052849053166087725
38,8881.986437687417,-0.004365759875364765
39,8882.398250464286,-0.0017326410224367203
40,8882.810108625517,-0.000243915943920857
41,8883.222012171113,0.0019009786485414608
42,8883.633961101072,0.0034488186371185612
43,8884.045955415393,-0.0009406185214829034
44,8884.457995114079,0.002935203941211069
45,8884.870080197128,-0.005884258826757961
46,8885.282210664542,0.000911093852409502
47,8885.69438651632,-0.0033464430943032503
48,8886.10660775246,0.0031406359478047853
49,8886.518874372963,-0.001237223127960224
50,8886.931186377831,0.0008557193490228873
51,8887.343543767063,0.0026512757360384574
52,8887.75594654066,0.008277378079213488
53,8888.168394698618,0.003629561096695391
54,8888.58088824094,-0.0033920732855082583
55,8888.993427167627,-0.007505328065760873
56,8889.406011478675,-0.012521643251365074
57,8889.818641174088,-0.01175910522775753
58,8890.231316253865,-0.002376037567796205
59,8890.644036718006,0.012174737377528371
60,8891.05680256651,0.0021843423423577864
61,8891.469613799378,-0.0026478582933465783
62,8891.882470416609,-0.0012138863202390262
63,8892.295372418204,-0.0032752533069445667
64,8892.708319804164,-0.004480964716381999
65,8893.121312574487,-0.006232278867269619
66,8893.534350729173,-0.004298534389823318
67,8893.947434268222,-0.011199291878908502
68,8894.360563191636,-0.0005482068474882757
69,8894.773737499412,0.004078177285900453
70,8895.186957191552,-0.0002159326637298641
71,8895.600222268058,-0.0021093886191526807
72,8896.013532728924,-0.004788259910277945
73,8896.426888574157,-0.00960553694156019
74,8896.840289803751,-0.006384917073137913
75,8897.253736417711,-0.00502691399301996
76,8897.667228416034,-0.0012799519708842802
77,8898.080765798719,-0.004237054094656174
78,8898.49434856577,-0.012782332371692233
79,8898.907976717182,-0.00867598819268656
80,8899.32165025296,-0.007853688275647957
81,8899.7353691731,-0.00873640690205857
82,8900.149133477604,-0.007870127792615936
83,8900.562943166473,-0.0036651122524498678
84,8900.976798239704,-0.006631191557676697
85,8901.3906986973,-0.007771085413410636
86,8901.804644539257,-0.008782940758612428
87,8902.218635765581,-0.009729434178042402
88,8902.632672376267,-0.011871977489862545
89,8903.046754371317,-0.0038815583685097056
90,8903.46088175073,-0.0053612867990275904
91,8903.875054514507,-0.004168954828635709
92,8904.289272662647,0.002404919870094734
93,8904.703536195151,-0.008677950101030278
94,8905.11784511202,-0.0006214496958300217
95,8905.532199413252,0.0006471794123279412
96,8905.946599098846,-0.0023274384074229346
97,8906.361044168805,0.0005630882141197603
98,8906.775534623128,-0.005274635579900631
99,8907.190070461815,-0.0084297808382769
100,8907.604651684864,-0.0030892578709435913
101,8908.019278292277,0.0019456957252648836
102,8908.433950284054,0.0029999112851947516
103,8908.848667660195,0.004208310671391467
104,8909.2634304207,-0.0022544307129893485
105,8909.678238565568,-0.003174341983335896
106,8910.0930920948,-0.009426278991886519
107,8910.507991008395,-0.0036208356669655863
108,8910.922935306353,-0.0017213946488175166
109,8911.337924988677,-0.0033306939716174753
110,8911.752960055363,-0.0032288247386711845
111,8912.168040506413,-0.003057495647829743
112,8912.583166341825,-0.0023623377968855176
113,8912.998337561603,-0.00015686433225477555
114,8913.413554165743,0.005050726816955188
115,8913.828816154248,-0.004501405235531346
116,8914.244123527116,-0.0009166803795260573
117,8914.659476284347,0.0010639276381097691
118,8915.074874425942,0.0007268173312114179
119,8915.4903179519,0.001055401458100003
120,8915.905806862223,-1.119453479174774e-05
121,8916.32134115691,-0.007770099587477248
122,8916.73692083596,-0.0006847146747272526
123,8917.152545899373,0.0032842299731341727
124,8917.56821634715,-0.002580882891893739
125,8917.983932179292,0.0015059486217654837
126,8918.399693395795,-0.006693458441092136
127,8918.815499996665,-0.01031877363943743
128,8919.231351981896,-0.007963011564448697
129,8919.64724935149,-0.004082800504312672
130,8920.06319210545,0.0015851338576015751
131,8920.479180243772,-0.00730472099730535
132,8920.895213766458,-0.00890479883211356
133,8921.311292673508,-0.011578852405937872
134,8921.727416964923,-0.0109104547121582
135,8922.1435866407,-0.005680837358700273
136,8922.55980170084,-0.001993222900974885
137,8922.976062145344,0.005872310661084139
138,8923.392367974213,-0.00022076601942973284
139,8923.808719187444,-0.011229623959354448
140,8924.225115785039,-0.006137217243895613
141,8924.641557766998,-0.007245850720346183
142,8925.05804513332,-0.0065460748761047224
143,8925.474577884008,-0.0004928597000993492
144,8925.891156019057,-0.0008848249275548038
145,8926.30777953847,-0.004808273632942998
146,8926.724448442248,-0.00853926320728751
147,8927.14116273039,-0.002070179485853226
148,8927.557922402893,-0.006244953156793108
149,8927.974727459761,-0.0034841902246391925
150,8928.391577900993,-0.0049643442975800455
151,8928.808473726589,0.003017604496011456
152,8929.225414936547,0.0007909202818464087
153,8929.642401530871,0.0015208024145467237
154,8930.059433509557,-0.00793305421319574
155,8930.476510872606,-0.000968557598335163
156,8930.89363362002,-0.006838855982470298
157,8931.310801751797,-0.005170564618708531
158,8931.728015267938,-0.0040811230025917305
159,8932.145274168442,-0.007623629119173082
160,8932.562578453311,0.0018286440337635644
161,8932.979928122542,-0.007954322848972075
162,8933.397323176137,-0.0012997560599222215
163,8933.814763614097,0.0032427276890085255
164,8934.23224943642,7.9916615253613e-05
165,8934.649780643105,-0.0011691032390351924
166,8935.067357234157,0.0004968565994018639
167,8935.48497920957,-0.0007422553859407375
168,8935.902646569346,0.0018995447501426468
169,8936.320359313488,-0.007733896122807073
170,8936.738117441992,-0.007083942695158156
171,8937.15592095486,-0.0034657544109005746
172,8937.573769852092,0.004939755682886878
173,8937.991664133688,-0.0008962767912439945
174,8938.409603799646,-0.012477387978559011
175,8938.82758884997,-0.0076412927924322475
176,8939.245619284657,0.009081241985976754
177,8939.663695103705,0.0018199576799326576
178,8940.08181630712,-0.0033702204763585175
179,8940.499982894897,0.002681551411059151
180,8940.918194867038,0.002516611984323464
181,8941.336452223542,-0.003036110416612838
182,8941.75475496441,0.004096777867236719
183,8942.173103089643,0.0005897533371562535
184,8942.591496599238,0.0016268886372520878
185,8943.009935493197,-0.0042587522982081485
186,8943.428419771519,-0.004481379847270393
187,8943.846949434206,-0.0024068223520561866
188,8944.265524481256,-0.010149648440938576
189,8944.68414491267,-0.0043198263132534845
190,8945.102810728447,-0.008012380603026625
191,8945.521521928587,-0.00224249550873205
192,8945.940278513091,-0.0028331875647138504
193,8946.35908048196,0.0034218790582713717
194,8946.777927835192,0.0003664639798848055
195,8947.196820572788,-0.006016681394709586
196,8947.615758694747,-0.002542240892657608
197,8948.03474220107,0.0037997466966150154
198,8948.453771091756,-0.0038333819721446424
199,8948.872845366806,-0.004254750141249438
200,8949.29196502622,-0.01628950296557153
201,8949.711130069998,-0.00809337697137153
202,8950.130340498139,3.5079469489715694e-05
203,8950.549596310642,0.005790358190176896
204,8950.968897507511,-0.005030189408359351
205,8951.388244088743,-0.0031066216392124485
206,8951.807636054338,0.004808022198743541
207,8952.227073404298,0.00701195930751123
208,8952.646556138621,0.005801069612037699
209,8953.066084257307,0.00040847307590784546
210,8953.485657760357,0.003321026409822151
211,8953.90527664777,-0.003196301360287206
212,8954.324940919549,-0.0016065853989566386
213,8954.744650575689,0.0018901197930977424
214,8955.164405616193,0.008911455200283724
215,8955.584206041061,0.004285648929311563
216,8956.004051850294,0.003039016136862065
217,8956.42394304389,0.0038716619796984823
218,8956.843879621849,-0.004995146199609526
219,8957.263861584172,0.005080901525213315
220,8957.683888930858,0.006046408969398051
221,8958.103961661907,0.008044208684039942
222,8958.524079777322,0.004670594686721621
223,8958.9442432771,0.0026677024543294036
224,8959.36445216124,0.010983315959841752
225,8959.784706429744,0.0053774659743202275
226,8960.205006082613,0.010007587415672566
227,8960.625351119845,0.008209517977161667
228,8961.04574154144,0.0039854791231605236
229,8961.4661773474,0.006064436216680846
230,8961.886658537722,0.004578583418602643
231,8962.30718511241,0.007496937323684252
232,8962.72775707146,0.0010628076613872549
233,8963.148374414874,0.0050971872958567414
234,8963.56903714265,0.011249584777808552
235,8963.989745254792,0.011936768857563246
236,8964.410498751296,0.008978060143084061
237,8964.831297632165,0.005656892084808544
238,8965.252141897396,0.00013450053600582053
239,8965.673031546992,0.005254390615076129
240,8966.093966580951,0.00633472423353193
241,8966.514946999274,0.00236559268446984
242,8966.93597280196,0.0024031803321738817
243,8967.35704398901,0.005184697819810151
244,8967.778160560425,0.012036582871185916
245,8968.199322516202,0.017864457322734492
246,8968.620529856344,0.015511251007304588
247,8969.041782580847,0.005357074100640722
248,8969.463080689717,0.01120644053601604
249,8969.884424182948,0.010255705740408032
250,8970.305813060544,0.012287406071922309
251,8970.727247322504,0.024578926372571003
252,8971.148726968826,0.012099032393029023
253,8971.570251999512,0.016538666555720533
254,8971.991822414562,0.02000966474514286
255,8972.413438213976,0.014331144322672938
256,8972.835099397755,0.020952179862611178
257,8973.256805965895,0.026102384711175243
258,8973.6785579184,0.03016223860823416
259,8974.100355255268,0.024740005858408833
260,8974.522197976501,0.032714478814654765
261,8974.944086082096,0.029580140192579922
262,8975.366019572055,0.04256472152831066
263,8975.787998446378,0.042588784158982734
264,8976.210022705065,0.048461075497135075
265,8976.632092348114,0.05068199120248345
266,8977.05420737553,0.05772429118865256
267,8977.476367787307,0.0627324278162725
268,8977.898573583447,0.06707755731660761
269,8978.320824763952,0.10107281171803276
270,8978.74312132882,0.14274646073755742
271,8979.165463278052,0.17828029163133946
272,8979.587850611648,0.20938483751902792
273,8980.010283329608,0.2400557806867729
274,8980.43276143193,0.26459605246458623
275,8980.855284918618,0.27476459333183234
276,8981.277853789667,0.28531511762417133
277,8981.700468045081,0.29505422998375697
278,8982.12312768486,0.31255535933959505
279,8982.545832709,0.3184981569478271
280,8982.968583117505,0.3343722548853819
281,8983.391378910374,0.3625617150964461
282,8983.814220087605,0.38894721866181287
283,8984.237106649201,0.4261065273129898
284,8984.66003859516,0.4704635146041197
285,8985.083015925484,0.5083855247489475
286,8985.50603864017,0.5476805004176601
287,8985.92910673922,0.6028300962804181
288,8986.352220222634,0.6496754460850552
289,8986.775379090412,0.6976398970662554
290,8987.198583342553,0.7401789618455876
291,8987.621832979057,0.7884142367894342
292,8988.045127999927,0.8377762891350259
293,8988.468468405159,0.8879077650456163
294,8988.891854194753,0.9416763279795322
295,8989.315285368713,0.9961609976350033
296,8989.738761927036,1.0535108142684626
297,8990.162283869724,1.11017351705493
298,8990.585851196773,1.167697953011313
299,8991.009463908187,1.2204483094004335
300,8991.433122003966,1.259579821052494
301,8991.856825484107,1.2952344674401268
302,8992.280574348611,1.3218315270629228
303,8992.704368597479,1.3451969396385777
304,8993.128208230712,1.3506915583106798
305,8993.552093248307,1.3635320794323769
306,8993.976023650266,1.3575089382251977
307,8994.39999943659,1.345868159666976
308,8994.824020607277,1.3358866466753119
309,8995.248087162327,1.3236060453715024
310,8995.67219910174,1.3146880800995902
311,8996.096356425518,1.2964505137511724
312,8996.52055913366,1.2848931763073281
313,8996.944807226164,1.2588704939939248
314,8997.369100703034,1.2342379514527568
315,8997.793439564266,1.2132477146258833
316,8998.21782380986,1.2050591042351124
317,8998.64225343982,1.1945836859573555
318,8999.066728454143,1.1684001372282597
319,8999.49124885283,1.1496979222241452
320,8999.91581463588,1.1362992731821293
321,9000.340425803295,1.1079648085044398
322,9000.765082355072,1.0828668221910096
323,9001.189784291213,1.0705725581539403
324,9001.614531611718,1.0504408195937744
325,9002.039324316587,1.0470185074160274
326,9002.464162405819,1.0314879738606944
327,9002.889045879416,1.02402485713348
328,9003.313974737375,1.0237515670430377
329,9003.738948979697,0.9978739426381205
330,9004.163968606385,0.9960677296633114
331,9004.589033617434,0.9893578378172322
332,9005.014144012848,0.977331292704763
333,9005.439299792626,0.9763354622471822
334,9005.864500956768,0.9734990699112438
335,9006.289747505272,0.9715240497811968
336,9006.71503943814,0.9628816375605616
337,9007.140376755373,0.961244625534539
338,9007.56575945697,0.9554186294646191
339,9007.991187542928,0.9540704430120044
340,9008.416661013252,0.9455944448674132
341,9008.84217986794,0.9447605141804186
342,9009.26774410699,0.9359773003417919
343,9009.693353730403,0.9287904955756972
344,9010.11900873818,0.9302006350182068
345,9010.544709130321,0.9299634717132741
346,9010.970454906826,0.9290914021861174
347,9011.396246067696,0.9346417737467364
348,9011.822082612927,0.9180689728900302
349,9012.247964542525,0.9071457745860807
350,9012.673891856484,0.913113018461396
351,9013.099864554806,0.9083573113993253
352,9013.525882637494,0.910041021618504
353,9013.951946104544,0.8942862396434923
354,9014.378054955958,0.8988144973248324
355,9014.804209191736,0.8926354316783551
356,9015.230408811876,0.8896257523119959
357,9015.656653816382,0.8906213171074917
358,9016.08294420525,0.8803882142753086
359,9016.509279978483,0.8843643019635652
360,9016.935661136078,0.8843546127236
361,9017.362087678039,0.8777598578541577
362,9017.788559604362,0.8790313504924734
363,9018.215076915048,0.8634990972931319
364,9018.6416396101,0.8640483948421824
365,9019.068247689513,0.8716695841147468
366,9019.49490115329,0.8797597857215407
367,9019.921600001431,0.8743006963257658
368,9020.348344233937,0.8646058333579044
369,9020.775133850806,0.8714806480618567
370,9021.201968852038,0.8704157170594913
371,9021.628849237633,0.8686543983689833
372,9022.055775007593,0.8603089448354461
373,9022.482746161917,0.8675353308671856
374,9022.909762700603,0.879575448040128
375,9023.336824623653,0.8743339282361224
376,9023.763931931067,0.876009944694392
377,9024.191084622846,0.8826378917979947
378,9024.618282698988,0.8829944062996746
379,9025.045526159493,0.8916639234728055
380,9025.472815004361,0.8921216370551982
381,9025.900149233594,0.8981879095757864
382,9026.327528847189,0.8952581890717111
383,9026.75495384515,0.9040243992614062
384,9027.182424227472,0.9055691273297245
385,9027.60993999416,0.9079524118610471
386,9028.037501145209,0.9171815190604193
387,9028.465107680624,0.9244445884310373
388,9028.892759600401,0.9347946956430608
389,9029.320456904543,0.9407615911663154
390,9029.748199593048,0.9368853473651332
391,9030.175987665916,0.9471353598514518
392,9030.60382112315,0.9484216334631689
393,9031.031699964746,0.9541893186822488
394,9031.459624190706,0.9558970513888765
395,9031.887593801028,0.9593639995589018
396,9032.315608795716,0.9726533021640752
397,9032.743669174766,0.97560448405525
398,9033.17177493818,0.9776558237102546
399,9033.599926085957,0.9870362707283383
400,9034.0281226181,0.9879226528689657
401,9034.456364534604,0.993637063489772
402,9034.884651835473,0.999713210628814
403,9035.312984520706,1.0099410971025895
404,9035.741362590301,1.0084865292124414
405,9036.169786044262,1.0124552592823028
406,9036.598254882585,1.0096046436608899
407,9037.02676910527,1.0206966305987422
408,9037.455328712322,1.0281414948380365
409,9037.883933703735,1.0285865832791092
410,9038.312584079515,1.034420881403781
411,9038.741279839656,1.0400159738541217
412,9039.17002098416,1.0319154958370382
413,9039.59880751303,1.0388149597866456
414,9040.027639426262,1.0378602566515764
415,9040.456516723858,1.037535395076394
416,9040.885439405818,1.0404605430067253
417,9041.31440747214,1.0414535987832876
418,9041.743420922829,1.0434487882610854
419,9042.172479757879,1.0390138311622747
420,9042.601583977292,1.0406311563690087
421,9043.03073358107,1.0411085930960884
422,9043.459928569213,1.0434268662848645
423,9043.889168941718,1.0516866880681919
424,9044.318454698587,1.0519336935435744
425,9044.747785839818,1.0544409586499288
426,9045.177162365415,1.0442128940037656
427,9045.606584275374,1.0542694792886482
428,9046.036051569698,1.0525083195365608
429,9046.465564248385,1.0585129695565065
430,9046.895122311435,1.058353005994384
431,9047.32472575885,1.0507087730817921
432,9047.754374590628,1.0593360681354231
433,9048.18406880677,1.060549858817998
434,9048.613808407274,1.0486304703007021
435,9049.043593392144,1.0514366858303763
436,9049.473423761376,1.0480987413717664
437,9049.903299514972,1.0433643931922876
438,9050.333220652932,1.0438997085147443
439,9050.763187175255,1.0429647782339997
440,9051.193199081941,1.0444722175126677
441,9051.623256372992,1.0514730783084287
442,9052.053359048406,1.048607920292687
443,9052.483507108185,1.0518538265593478
444,9052.913700552326,1.045790693912002
445,9053.343939380831,1.055563256839073
446,9053.7742235937,1.055363227423667
447,9054.204553190933,1.0480885053324953
448,9054.634928172529,1.0418681595271457
449,9055.065348538488,1.0473909830459158
450,9055.495814288812,1.0444489868433313
451,9055.9263254235,1.0501837999968702
452,9056.356881942549,1.0506975388846742
453,9056.787483845965,1.043353001854426
454,9057.218131133743,1.0450027414596232
455,9057.648823805885,1.0459772384667292
456,9058.079561862389,1.0365215523350018
457,9058.510345303257,1.0451417754670278
458,9058.941174128491,1.0413898209110348
459,9059.372048338086,1.040673334262026
460,9059.802967932046,1.0333853952906935
461,9060.23393291037,1.0386736205534868
462,9060.664943273057,1.030843528549599
463,9061.095999020108,1.037690297436161
464,9061.527100151521,1.0392501846809616
465,9061.9582466673,1.0348906212717632
466,9062.389438567441,1.035735910206144
467,9062.820675851946,1.0329656009975714
468,9063.251958520816,1.0321758103870766
469,9063.683286574049,1.023039436208116
470,9064.114660011644,1.0247766389385409
471,9064.546078833604,1.0255430094314406
472,9064.977543039928,1.0240933012786002
473,9065.409052630615,1.028723023068916
474,9065.840607605665,1.0199906997433446
475,9066.27220796508,1.025635536813454
476,9066.703853708857,1.0223538200538536
477,9067.135544837,1.02361808709328
478,9067.567281349506,1.021874327980586
479,9067.999063246374,1.0202480113621553
480,9068.430890527607,1.012508398351185
481,9068.862763193203,1.0231937508504454
482,9069.294681243162,1.0110345670207919
483,9069.726644677487,1.0107138639014586
484,9070.158653496173,1.0058548677637489
485,9070.590707699224,1.006795045159981
486,9071.02280728664,1.0090352926572923
487,9071.454952258417,1.0075750459228932
488,9071.887142614558,1.0028967161382782
489,9072.319378355063,1.003951329108634
490,9072.751659479933,1.004828574061714
491,9073.183985989166,1.0018098982023451
492,9073.616357882762,0.9999424651401303
493,9074.048775160722,1.0034701134248174
494,9074.481237823045,0.9971078036647416
495,9074.913745869731,1.0034155694555578
496,9075.346299300783,1.000381927117656
497,9075.778898116198,0.9951938518438604
498,9076.211542315976,0.9879292678385355
499,9076.644231900116,0.9912459489100549
500,9077.076966868623,0.9854841214517233
501,9077.509747221491,0.9870958778245835
502,9077.942572958724,0.9858359339345435
503,9078.37544408032,0.9922932242298567
504,9078.80836058628,0.9895319548269312
505,9079.241322476604,0.9904819329207304
506,9079.674329751291,0.9841574789303705
507,9080.107382410342,0.9823119373704515
508,9080.540480453756,0.9837577840079941
509,9080.973623881535,0.9832538879761955
510,9081.406812693676,0.9822588844635429
511,9081.840046890182,0.9810314901558874
512,9082.273326471051,0.9742336274317382
513,9082.706651436283,0.9778595099169343
514,9083.140021785879,0.9771261131793361
515,9083.573437519839,0.982099067056418
516,9084.006898638163,0.9775476577600263
517,9084.440405140851,0.9746994160813998
518,9084.873957027901,0.9772726559600451
519,9085.307554299316,0.9807024149839706
520,9085.741196955094,0.977379284583911
521,9086.174884995236,0.9776933713395283
522,9086.608618419741,0.9724839575899347
523,9087.04239722861,0.9794557092669732
524,9087.476221421843,0.9800708994335808
525,9087.91009099944,0.9806501482334413
526,9088.344005961399,0.9759660394105947
527,9088.777966307724,0.9752444777499054
528,9089.21197203841,0.9833030102639251
529,9089.64602315346,0.9838823841692077
530,9090.080119652876,0.9750962855501383
531,9090.514261536653,0.9737336263206995
532,9090.948448804795,0.9715830298332291
533,9091.3826814573,0.9768145539814503
534,9091.81695949417,0.9730905061225994
535,9092.251282915402,0.9771992547397057
536,9092.685651720998,0.9858851816659423
537,9093.120065910958,0.9797645417000953
538,9093.554525485282,0.9755371750188745
539,9093.98903044397,0.9751120876787224
540,9094.423580787021,0.9812378427895521
541,9094.858176514435,0.974993409191708
542,9095.292817626214,0.981930930408256
543,9095.727504122355,0.9860947587914846
544,9096.162236002861,0.9849088199658782
545,9096.59701326773,0.982779505865819
546,9097.031835916963,0.9886504661743616
547,9097.466703950558,0.9866474959491738
548,9097.90161736852,0.9883796582051054
549,9098.336576170843,0.9916729443905155
550,9098.77158035753,0.9892775197166986
551,9099.206629928582,0.9885957957006191
552,9099.641724883995,0.9882894477680679
553,9100.076865223773,0.9950434614074366
554,9100.512050947915,0.9943603595532111
555,9100.94728205642,0.9908045964587517
556,9101.38255854929,0.9907998844663541
557,9101.817880426523,0.9948258843085033
558,9102.253247688119,0.9873377279733656
559,9102.688660334079,0.9895831617237266
560,9103.124118364403,0.9958432261870797
561,9103.55962177909,0.9996067614416002
562,9103.995170578142,0.990649578476291
563,9104.430764761557,0.9873687155088211
564,9104.866404329334,0.9901636082653611
565,9105.302089281477,0.9895294775064691
566,9105.737819617982,0.9924497577256624
567,9106.17359533885,0.9952442064078766
568,9106.609416444084,0.9933163137071974
569,9107.045282933681,0.9971878318007839
570,9107.48119480764,0.9978801928860335
571,9107.917152065964,0.9940274044605464
572,9108.353154708651,1.0008226997857599
573,9108.789202735703,0.9943939776709383
574,9109.225296147117,0.9937271828967382
575,9109.661434942895,1.0013430678969528
576,9110.097619123037,1.0035655288705652
577,9110.533848687543,0.9977650540902245
578,9110.970123636413,0.9942153598718304
579,9111.406443969645,0.9939191503758973
580,9111.842809687241,1.0043290865376582
581,9112.279220789202,0.999647637663423
582,9112.715677275524,0.9997073433401187
583,9113.152179146213,1.005685067971261
584,9113.588726401264,0.9998326559128583
585,9114.025319040678,1.0049116788525636
586,9114.461957064457,1.0097899058514592
587,9114.898640472598,1.00586678208618
588,9115.335369265104,1.0088631869068259
589,9115.772143441973,1.0041179550718469
590,9116.208963003206,1.0046896092023425
591,9116.645827948803,1.00580704779337
592,9117.082738278763,1.0002662932012036
593,9117.519693993087,1.004989451979489
594,9117.956695091774,1.0047649325467933
595,9118.393741574824,1.008632763717952
596,9118.83083344224,1.0067755701597672
597,9119.267970694018,1.0061781107571552
598,9119.70515333016,1.0078021676460316
599,9120.142381350666,1.0096612146709987
600,9120.579654755535,1.0075988289678586
601,9121.016973544767,1.007988563992034
602,9121.454337718364,1.0122349497375642
603,9121.891747276324,1.0136200866390142
604,9122.329202218649,1.005967097484877
605,9122.766702545336,1.0053170718271693
606,9123.204248256387,1.0141766878789464
607,9123.641839351802,1.01120530405873
608,9124.07947583158,1.010461020374946
609,9124.517157695722,1.0077156567543908
610,9124.954884944227,1.008957140304135
611,9125.392657577097,1.0134180641222046
612,9125.83047559433,1.0153638502192575
613,9126.268338995926,1.0181598698410026
614,9126.706247781887,1.0055805956821253
615,9127.144201952211,1.000237154392924
616,9127.582201506897,1.0122960020292124
617,9128.020246445949,1.0078527252435319
618,9128.458336769363,1.0069680802779877
619,9128.896472477141,1.0113138517282136
620,9129.334653569284,1.0126121216930344
621,9129.77288004579,1.0124409134005643
622,9130.211151906658,1.0093249516649894
623,9130.649469151893,1.0101041532895971
624,9131.087831781488,1.0171901120764582
625,9131.526239795448,1.0091482400555136
626,9131.964693193773,1.011956393227322
627,9132.40319197646,1.007781199808377
628,9132.841736143511,1.0152326120473998
629,9133.280325694926,1.0102733638202972
630,9133.718960630704,1.010135615309066
631,9134.157640950847,1.0161755102676149
632,9134.596366655353,1.0120301198644168
633,9135.035137744222,1.0137830287943066
634,9135.473954217454,1.0149056600030009
635,9135.912816075052,1.0112406740697162
636,9136.351723317011,1.0144581479850356
637,9136.790675943335,1.0151625193795197
638,9137.229673954023,1.0163052684072977
639,9137.668717349074,1.0187207045159254
640,9138.107806128488,1.013833441320195
641,9138.546940292268,1.016139627731863
642,9138.986119840409,1.0120336786616715
643,9139.425344772915,1.0141976157230053
644,9139.864615089784,1.0261003740310741
645,9140.303930791017,1.0194614650012714
646,9140.743291876614,1.0237946255473274
647,9141.182698346574,1.0186391412321951
648,9141.622150200898,1.0138786864839773
649,9142.061647439587,1.0156272174955652
650,9142.501190062638,1.011856213407528
651,9142.940778070051,1.0153345817110424
652,9143.38041146183,1.0119732417115779
653,9143.820090237972,1.0100477660799887
654,9144.259814398478,1.0133434192322688
655,9144.699583943348,1.0183087103721886
656,9145.139398872581,1.0137431382657167
657,9145.579259186177,1.0168061598206144
658,9146.019164884137,1.0139516666903372
659,9146.459115966461,1.0139543567126084
660,9146.89911243315,1.0189470245011174
661,9147.3391542842,1.0087865019630882
662,9147.779241519615,1.0059416348603716
663,9148.219374139393,1.0089187349362876
664,9148.659552143536,1.0132017907226152
665,9149.099775532042,1.0123246438162765
666,9149.540044304911,1.0094827537016198
667,9149.980358462144,1.0098639125256978
668,9150.420718003741,1.0154039690325538
669,9150.8611229297,1.0121330780415558
670,9151.301573240025,1.010041015562928
671,9151.742068934713,1.0031078124799677
672,9152.182610013764,1.007182003516422
673,9152.62319647718,1.0026541310424157
674,9153.063828324957,1.0005166155684924
675,9153.504505557099,1.0087600155121974
676,9153.945228173605,1.010016562975465
677,9154.385996174475,1.004289177995572
678,9154.826809559709,1.0018433761247452
679,9155.267668329305,1.005095363527447
680,9155.708572483265,1.0058425562646216
681,9156.14952202159,1.006778984284959
682,9156.590516944276,1.0067449559031783
683,9157.031557251328,1.0070537675376536
684,9157.472642942743,1.0031017580724764
685,9157.913774018522,1.0027704689636754
686,9158.354950478664,1.0061308711076702
687,9158.79617232317,1.0027837367586097
688,9159.237439552038,1.0081427728656887
689,9159.678752165271,1.0116875758468986
690,9160.120110162869,1.0089742612850214
691,9160.56151354483,1.006386966508312
692,9161.002962311153,1.0074568936890693
693,9161.44445646184,1.0059861096209102
694,9161.885995996892,1.0120994084841584
695,9162.327580916308,1.001395544399981
696,9162.769211220086,1.0000699792110508
697,9163.210886908228,1.0036171188531529
698,9163.652607980734,1.001802934742579
699,9164.094374437604,1.00276312150638
700,9164.536186278836,1.0073368970685461
701,9164.978043504434,1.0033257022504558
702,9165.419946114394,1.0015847519585002
703,9165.861894108717,1.0026222880865858
704,9166.303887487406,0.9945445262095284
705,9166.745926250456,1.0005884538391758
706,9167.188010397871,0.9949525592835968
707,9167.63013992965,1.006111271185414
708,9168.072314845793,0.9972361920926285
709,9168.514535146298,0.9962112280831881
710,9168.956800831167,1.0013065064352529
711,9169.3991119004,0.9915296877469073
712,9169.841468353998,0.995814842951519
713,9170.283870191959,0.9966285540490307
714,9170.726317414283,0.9971318606074141
715,9171.16881002097,0.9971892993934119
716,9171.611348012022,0.9942594607533013
717,9172.053931387436,0.9971490423204032
718,9172.496560147216,0.9909226752675853
719,9172.939234291358,0.9979299537751001
720,9173.381953819864,0.9892038471139062
721,9173.824718732732,0.9968623362845923
722,9174.267529029967,0.9985317914567424
723,9174.710384711563,0.9980976889967271
724,9175.153285777524,0.9916824903801398
725,9175.596232227848,0.9903022675363642
726,9176.039224062535,0.9874751477223143
727,9176.482261281586,0.9990111834173994
728,9176.925343885001,0.9987568447540092
729,9177.36847187278,0.9877725527308656
730,9177.811645244923,0.9971284652183817
731,9178.254864001428,0.9955509732608132
732,9178.698128142298,0.9926529079494778
733,9179.141437667531,0.9949161455257491
734,9179.584792577129,0.9961617400314169
735,9180.028192871088,0.9900006668766697
736,9180.471638549414,0.9895249680002414
737,9180.9151296121,0.9906675662285573
738,9181.358666059152,0.9993706544857668
739,9181.802247890568,1.005382373319006
740,9182.245875106346,1.000491793266388
741,9182.689547706488,0.9909347160455493
742,9183.133265690994,0.999465378120734
743,9183.577029059863,1.0014492412013334
744,9184.020837813097,0.9992814472610597
745,9184.464691950694,1.006889019435436
746,9184.908591472655,1.0003639208124477
747,9185.35253637898,0.9943939955439678
748,9185.796526669666,0.9909250033156463
749,9186.240562344718,0.9960637722463916
750,9186.684643404133,0.9925890498594222
751,9187.128769847912,0.9968702638480778
752,9187.572941676055,0.9950706589694268
753,9188.01715888856,0.9936967419549542
754,9188.46142148543,0.9963416645132961
755,9188.905729466664,0.9934902474492079
756,9189.35008283226,0.9981991798383958
757,9189.794481582221,0.9971472713052039
758,9190.238925716545,0.9942611236216382
759,9190.683415235233,0.989442300690919
760,9191.127950138283,0.9916118660113251
761,9191.5725304257,0.9983317971829447
762,9192.017156097478,0.9919192039301994
763,9192.46182715362,0.9934929802678689
764,9192.906543594127,0.9935634772944275
765,9193.351305418995,0.9931448319325997
766,9193.79611262823,0.9955713629808787
767,9194.240965221827,1.0006405046774094
768,9194.685863199787,0.9906431999227696
769,9195.13080656211,0.9918902321608534
770,9195.5757953088,0.9954200362091523
771,9196.02082943985,0.9911245788291703
772,9196.465908955266,0.9852356038961374
773,9196.911033855044,0.9914609724196767
774,9197.356204139187,0.989871821053043
775,9197.801419807693,0.9881720058238497
776,9198.246680860562,0.9908969758510937
777,9198.691987297796,0.9917221280372055
778,9199.137339119392,0.9904083282743846
779,9199.582736325354,0.9897010531992223
780,9200.028178915678,0.9936855917410136
781,9200.473666890366,0.9930595087551145
782,9200.919200249416,0.9915681566813652
783,9201.364778992833,0.9897177241078092
784,9201.810403120611,0.9935922684528466
785,9202.256072632754,0.9926975108260191
786,9202.70178752926,0.9903611885288559
787,9203.14754781013,0.9893598490584137
788,9203.593353475362,0.9916658950841089
789,9204.03920452496,0.9962976175668441
790,9204.48510095892,0.9925977537504858
791,9204.931042777245,0.9895332333671183
792,9205.377029979933,0.9913666614352172
793,9205.823062566984,0.9930150692158418
794,9206.2691405384,1.000963429842714
795,9206.715263894179,0.9919300588039036
796,9207.16143263432,0.9961434785264154
797,9207.607646758826,0.9951624682181589
798,9208.053906267696,0.9981967742163166
799,9208.50021116093,0.9953892317014532
800,9208.946561438526,0.9987062595064198
801,9209.392957100488,0.9955539251880137
802,9209.839398146813,0.9942480279181355
803,9210.2858845775,0.9989145561607067
804,9210.732416392551,0.9986734605365095
805,9211.178993591966,0.9999889842179385
806,9211.625616175746,0.9921562192349397
807,9212.072284143887,0.9901620265267201
808,9212.518997496394,1.0061545436751573
809,9212.965756233265,1.0034272256517025
810,9213.412560354498,0.9947599779032814
811,9213.859409860095,0.9947178819232219
812,9214.306304750055,0.9943047960549891
813,9214.75324502438,1.0014730471507782
814,9215.200230683067,1.000979535187269
815,9215.647261726119,0.9965875203109396
816,9216.094338153534,1.0022868651801147
817,9216.541459965314,0.9983495903427584
818,9216.988627161456,0.9978992390683188
819,9217.435839741962,1.0019262908515438
820,9217.883097706832,0.9967904104315459
821,9218.330401056066,0.999594667992568
822,9218.777749789662,0.9979568725491108
823,9219.225143907623,0.9927853338429721
824,9219.672583409947,0.9974355858728952
825,9220.120068296636,0.99741010356503
826,9220.567598567688,0.992451897058058
827,9221.015174223103,0.994351580559082
828,9221.462795262882,0.9973078492958479
829,9221.910461687025,1.004190878402235
830,9222.35817349553,1.0032200171092533
831,9222.8059306884,1.0012720762090255
832,9223.253733265634,0.9993029669330953
833,9223.701581227231,0.993542931393379
834,9224.14947457319,0.9990266028523191
835,9224.597413303516,1.0023746226246457
836,9225.045397418204,1.0020767476541925
837,9225.493426917255,0.9969015004164521
838,9225.941501800671,0.998219620123525
839,9226.38962206845,0.9984139665358004
840,9226.837787720593,1.000663518247217
841,9227.2859987571,1.0010234413653996
842,9227.73425517797,1.002719824174686
843,9228.182556983202,1.0087331515380964
844,9228.630904172798,1.0008229424371589
845,9229.07929674676,0.9957996601532633
846,9229.527734705085,1.0002114307531058
847,9229.976218047772,0.9968814339841492
848,9230.424746774825,0.9960234602625877
849,9230.87332088624,0.9964322679810897
850,9231.321940382019,0.9984587150689819
851,9231.770605262162,1.0003749239357649
852,9232.219315526667,1.0071819988373563
853,9232.668071175536,0.9958828523089125
854,9233.116872208771,0.999014455298422
855,9233.565718626367,0.998081269455772
856,9234.014610428329,1.0012953145839778
857,9234.463547614652,1.002332427027555
858,9234.912530185342,1.009676415821664
859,9235.361558140394,0.9992272428507081
860,9235.810631479808,1.0048343761685834
861,9236.259750203588,0.999551060231062
862,9236.70891431173,1.0015419879995022
863,9237.158123804236,1.002498383965195
864,9237.607378681107,1.0005502455168742
865,9238.05667894234,0.9947809428827488
866,9238.506024587938,1.0008209771600325
867,9238.955415617898,1.0015314939554671
868,9239.404852032223,0.9975898998729313
869,9239.85433383091,1.001957647871933
870,9240.303861013963,1.0024005466547643
871,9240.753433581378,1.0040539219973332
872,9241.203051533157,1.0039859085419502
873,9241.652714869299,1.0026776836561493
874,9242.102423589806,0.9992013186701472
875,9242.552177694675,0.9994099269229965
876,9243.001977183909,1.0062294260338736
877,9243.451822057506,0.9983576443821969
878,9243.901712315466,0.9998257743524492
879,9244.351647957792,1.0026576725122998
880,9244.80162898448,1.0032299733371581
881,9245.251655395532,1.0027164785629348
882,9245.701727190946,0.9991114484862184
883,9246.151844370726,1.006663635596804
884,9246.602006934869,0.9991915594608164
885,9247.052214883375,1.0044785242995546
886,9247.502468216246,1.0074955945441268
887,9247.952766933478,1.0008864505831614
888,9248.403111035075,1.0024140737498484
889,9248.853500521036,0.998129497006053
890,9249.303935391361,1.0004142450272373
891,9249.75441564605,0.9973110718916149
892,9250.204941285101,1.0040713503854257
893,9250.655512308516,1.004148962724805
894,9251.106128716296,1.004194983623822
895,9251.556790508439,1.0073537038634568
896,9252.007497684945,1.0019511190401267
897,9252.458250245814,1.0010473337790509
898,9252.909048191048,1.0009166170721588
899,9253.359891520646,1.0035193797269084
900,9253.810780234608,0.999800938936846
901,9254.261714332932,0.9994095355606603
902,9254.71269381562,1.0097801571045983
903,9255.163718682672,0.9999553434791126
904,9255.614788934086,1.004214379497107
905,9256.065904569867,1.0041091816970285
906,9256.51706559001,1.0014595416625696
907,9256.968271994516,1.0041063364748197
908,9257.419523783385,1.0034659766558274
909,9257.87082095662,0.9969145542702011
910,9258.322163514216,1.001640193920408
911,9258.773551456177,1.0073204074747766
912,9259.224984782502,0.9984146601274282
913,9259.67646349319,1.0088962292030648
914,9260.127987588243,1.0160026319687772
915,9260.579557067658,1.0025410756495094
916,9261.031171931436,1.0026097071736282
917,9261.48283217958,1.0074956992869708
918,9261.934537812085,1.0007884258600805
919,9262.386288828955,1.000141486262279
920,9262.838085230189,1.000790590206333
921,9263.289927015787,0.9988422261533624
922,9263.741814185747,1.0054347621282316
923,9264.193746740073,0.9981465208392366
924,9264.645724678761,1.0056640819767844
925,9265.097748001812,0.9976630231034882
926,9265.549816709228,1.000717046199399
927,9266.001930801007,1.0037415497351558
928,9266.45409027715,1.0055409722608126
929,9266.906295137656,1.0018961218521192
930,9267.358545382527,1.004587697060657
931,9267.81084101176,1.001638556321642
932,9268.263182025357,1.003260065214842
933,9268.715568423318,1.0062431110367491
934,9269.168000205644,1.0042530495376651
935,9269.620477372331,1.005055036775539
936,9270.072999923384,0.9970799641338373
937,9270.5255678588,1.0046499927933459
938,9270.978181178578,0.9956475095604996
939,9271.430839882722,1.008327859079005
940,9271.883543971227,1.0060347750524847
941,9272.336293444097,0.9981747218612691
942,9272.789088301332,0.9989844017832362
943,9273.24192854293,0.9935198692301801
944,9273.69481416889,0.9909571602796405
945,9274.147745179214,0.9932153014472215
946,9274.600721573903,1.00271597523533
947,9275.053743352955,0.9952138861941613
948,9275.50681051637,1.001201269273801
949,9275.95992306415,0.9972932091108901
950,9276.413080996294,0.9926151671350927
951,9276.866284312799,0.9864913396787733
952,9277.31953301367,0.9985158523721801
953,9277.772827098903,1.002210599988192
954,9278.2261665685,1.0041388261852164
955,9278.679551422461,0.9981648701952498
956,9279.132981660787,0.991049516006571
957,9279.586457283474,0.9986211951571525
958,9280.039978290526,1.001365275012884
959,9280.493544681942,1.0052256586136368
960,9280.947156457722,0.9954074732238122
961,9281.400813617864,0.9980819715244891
962,9281.854516162372,0.9959942987470823
963,9282.308264091242,1.0019140304060654
964,9282.762057404474,1.0025320353631881
965,9283.215896102072,0.9988701242451024
966,9283.669780184033,0.996645781411051
967,9284.123709650357,0.9984213012698488
968,9284.577684501046,0.999257247495702
969,9285.031704736099,1.0004480921525776
970,9285.485770355514,0.9986361596322824
971,9285.939881359294,1.001498867361719
972,9286.394037747436,1.0008860925599432
973,9286.848239519943,1.001816652233159
974,9287.302486676814,0.9941554163440937
975,9287.756779218047,0.9980012220820424
976,9288.211117143645,1.0030992244623234
977,9288.665500453606,1.0013216224246566
978,9289.11992914793,0.9924129727434308
979,9289.57440322662,1.0004319718325672
980,9290.028922689671,0.9957728342958787
981,9290.483487537087,0.9967855482067374
982,9290.938097768865,0.9961883786532517
983,9291.39275338501,0.9980425612179088
984,9291.847454385515,0.9984576035900272
985,9292.302200770386,0.9961073535529296
986,9292.75699253962,0.999896318508514
987,9293.211829693217,0.998637162129546
988,9293.666712231177,0.9965109036838655
989,9294.121640153502,0.9966567264222657
990,9294.57661346019,0.9950720005175808
991,9295.031632151244,0.9977700905151805
992,9295.486696226659,0.9989371484502437
993,9295.941805686438,0.9962646922895619
994,9296.396960530581,1.000392834008969
995,9296.852160759088,1.0003235006691304
996,9297.307406371958,0.9973057008536873
997,9297.762697369193,0.9986008599110096
998,9298.218033750789,1.00083094334336
999,9298.67341551675,0.9996397211449397
1000,9299.128842667076,0.997253674452763
1001,9299.584315201764,0.9947794967120155
1002,9300.039833120816,0.9980097946175048
1003,9300.495396424232,0.9941289005180716
1004,9300.951005112012,0.9986251031132409
1005,9301.406659184155,0.9992118294925778
1006,9301.862358640661,1.0014479496566016
1007,9302.318103481532,0.9907322246153811
1008,9302.773893706766,0.995490826023796
1009,9303.229729316363,0.9961968481443142
1010,9303.685610310324,0.9950436417370719
1011,9304.141536688649,0.9967775401250375
1012,9304.597508451337,0.9910621023104758
1013,9305.053525598389,0.9926517409548155
1014,9305.509588129806,0.9953271876050012
1015,9305.965696045585,0.9928856251214409
1016,9306.421849345728,1.0039779263819149
1017,9306.878048030234,0.9955014124502408
1018,9307.334292099105,0.9970746458111788
1019,9307.790581552339,1.0040954218467815
1020,9308.246916389937,1.0000429267802278
1021,9308.703296611897,1.0000411590716882
1022,9309.159722218223,0.9975873085199551
1023,9309.61619320891,0.9990659997679545
1024,9310.072709583963,1.002747089640217
1025,9310.52927134338,0.9960487378837322
1026,9310.985878487158,0.9990049471715652
1027,9311.442531015302,0.9967190520028284
1028,9311.899228927809,0.9991142973060244
1029,9312.35597222468,0.998712775584955
1030,9312.812760905912,1.0061420935287413
1031,9313.26959497151,1.0024260524406445
1032,9313.726474421472,1.0024543536277508
1033,9314.183399255797,0.9975329447823829
1034,9314.640369474484,0.9994208075963518
1035,9315.097385077537,0.9921202786855958
1036,9315.554446064953,0.9900239322012703
1037,9316.011552436732,0.9975347141803315
1038,9316.468704192876,0.9899379031496034
1039,9316.925901333381,0.9924328670380084
1040,9317.383143858253,0.9916415811085137
1041,9317.840431767487,0.9992449661816921
1042,9318.297765061085,1.0059033503704304
1043,9318.755143739045,0.9958263825437033
1044,9319.21256780137,0.9916526926637459
1045,9319.670037248059,0.9968880837102405
1046,9320.127552079111,1.0004110540839737
1047,9320.585112294526,0.9985315260376608
1048,9321.042717894306,0.9953544573372237
1049,9321.500368878449,0.9963372184615045
1050,9321.958065246956,0.9941911334242686
1051,9322.415806999827,0.9978538270611169
1052,9322.873594137061,0.9946032427958608
1053,9323.331426658659,0.996080534390545
1054,9323.78930456462,0.9959245817472675
1055,9324.247227854945,0.9967889289092504
1056,9324.705196529632,0.9988030855868288
1057,9325.163210588686,1.0005788314818964
1058,9325.621270032101,0.9978030748998135
1059,9326.07937485988,0.9979472113022569
1060,9326.537525072024,1.0015929595714508
1061,9326.99572066853,0.9933964364088577
1062,9327.4539616494,0.9941975841912478
1063,9327.912248014634,1.0014199986634928
1064,9328.370579764232,0.994908663024346
1065,9328.828956898195,0.9938191581625645
1066,9329.287379416519,0.997545266442326
1067,9329.745847319207,1.0020543455504933
1068,9330.20436060626,0.9993520758022516
1069,9330.662919277676,0.9959555900682789
1070,9331.121523333455,1.0008591081352969
1071,9331.580172773598,0.9981443194037842
1072,9332.038867598105,1.006522502762177
1073,9332.497607806976,0.9953200208879709
1074,9332.95639340021,0.9946131367988668
1075,9333.415224377808,0.9989332077231754
1076,9333.87410073977,1.0001590437063257
1077,9334.333022486095,1.001605477741614
1078,9334.791989616782,0.9941851920578457
1079,9335.251002131836,0.9994324082738639
1080,9335.710060031251,0.9953108848066774
1081,9336.169163315031,1.0009089169995984
1082,9336.628311983173,1.0021784259982867
1083,9337.087506035681,1.0045247165330027
1084,9337.546745472551,1.0026040070700666
1085,9338.006030293785,1.0056033090654126
1086,9338.465360499384,1.0010186189854946
1087,9338.924736089344,0.9993499629612177
1088,9339.384157063669,0.9950517278434746
1089,9339.843623422359,0.9961320062151457
1090,9340.30313516541,0.9997755670197648
1091,9340.762692292827,1.000824081441655
1092,9341.222294804606,1.0028371234023088
1093,9341.681942700749,1.00191729506443
1094,9342.141635981256,0.9933229274193904
1095,9342.601374646127,0.9983960303252029
1096,9343.06115869536,1.0003558791498661
1097,9343.52098812896,0.9956417042597927
1098,9343.98086294692,0.9981485849465475
1099,9344.440783149244,0.999654849983157
1100,9344.900748735934,1.0043413466639892
1101,9345.360759706986,1.0012601136838184
1102,9345.820816062402,0.9979689254248515
1103,9346.280917802182,0.9978896754740897
1104,9346.741064926326,1.0017654109389689
1105,9347.201257434832,1.000174964636145
1106,9347.661495327702,0.999203630129451
1107,9348.121778604936,0.9998273663644834
1108,9348.582107266535,1.0022287817966293
1109,9349.042481312496,0.9978996628031582
1110,9349.50290074282,1.000913181669222
1111,9349.963365557509,0.9967053036116801
1112,9350.423875756562,0.9928760013337053
1113,9350.884431339979,1.0016446430921748
1114,9351.345032307758,0.9991513056015745
1115,9351.8056786599,1.0032853325102322
1116,9352.266370396408,0.9982466251271971
1117,9352.72710751728,1.001549847084696
1118,9353.187890022513,0.9968489767743549
1119,9353.64871791211,1.0003340185358598
1120,9354.109591186072,1.0015797429054691
1121,9354.570509844398,0.997818704068206
1122,9355.031473887086,0.9970388933604472
1123,9355.492483314138,0.9977828369180874
1124,9355.953538125554,0.9966919090913773
1125,9356.414638321334,0.9961970024403295
1126,9356.875783901478,0.9998916220920369
1127,9357.336974865984,1.0009263052738613
1128,9357.798211214855,0.9999091557113233
1129,9358.25949294809,1.0016453185340564
1130,9358.720820065688,1.0036815622191908
1131,9359.182192567649,1.0063782498865832
1132,9359.643610453973,1.003000954689492
1133,9360.105073724662,0.9991485623926393
1134,9360.566582379715,1.0018062057902581
1135,9361.02813641913,1.0015401290089403
1136,9361.489735842912,1.0039935860820577
1137,9361.951380651055,0.9971389719411348
1138,9362.41307084356,0.9990527402641891
1139,9362.874806420432,1.0068713034148251
1140,9363.336587381666,1.003660849631564
1141,9363.798413727263,1.0021278214204927
1142,9364.260285457225,0.9988824396060814
1143,9364.722202571551,1.00094775084775
1144,9365.184165070239,0.9974839840238008
1145,9365.646172953291,1.0007317976363004
1146,9366.108226220707,1.0013061107960612
1147,9366.570324872488,1.00054126731574
1148,9367.03246890863,1.0048414982043674
1149,9367.494658329138,0.9986352034867554
1150,9367.956893134009,0.9986965359769764
1151,9368.419173323244,0.9997922598753408
1152,9368.88149889684,1.0046943476640533
1153,9369.343869854802,1.0040313958497884
1154,9369.806286197128,1.003261964084508
1155,9370.268747923816,1.0014211438461578
1156,9370.731255034869,1.0021078223938995
1157,9371.193807530286,0.9996884915626738
1158,9371.656405410065,1.0005834569990097
1159,9372.119048674209,1.0000734435390262
1160,9372.581737322715,1.0039414033793927
1161,9373.044471355586,1.0040335798997755
1162,9373.50725077282,1.004821467272255
1163,9373.970075574418,1.0068366281557826
1164,9374.43294576038,1.0040163668614137
1165,9374.895861330706,1.0019659521869748
1166,9375.358822285394,1.0081239193518228
1167,9375.821828624446,1.0045786431787531
1168,9376.284880347863,1.0038579603343165
1169,9376.747977455643,1.003181522951627
1170,9377.211119947786,1.0034470852049668
1171,9377.674307824293,1.0018511173013522
1172,9378.137541085163,1.0003144721244928
1173,9378.600819730398,0.9964644974356054
1174,9379.064143759995,0.9967820580744923
1175,9379.527513173958,0.9934247260804575
1176,9379.990927972283,0.9988631837958674
1177,9380.454388154973,0.9916023398443394
1178,9380.917893722024,0.995520816989137
1179,9381.381444673441,1.0012801198567955
1180,9381.845041009221,1.001649724847988
1181,9382.308682729365,0.9974062004691763
1182,9382.77236983387,1.0022999300335607
1183,9383.236102322742,1.0040912199989436
1184,9383.699880195976,1.002975909431455
1185,9384.163703453574,1.0027984227770044
1186,9384.627572095536,1.0044535304282158
1187,9385.09148612186,1.0061719585426194
1188,9385.55544553255,1.0027797083425793
1189,9386.019450327603,1.0033074561750186
1190,9386.483500507018,1.0031733393319708
1191,9386.947596070799,1.0013807738704417
1192,9387.411737018941,1.0037697950154167
1193,9387.875923351448,1.0066529653811909
1194,9388.34015506832,1.00293956077193
1195,9388.804432169554,1.0080029019879775
1196,9389.268754655153,1.0021261477215104
1197,9389.733122525115,1.0057291091487033
1198,9390.19753577944,1.006651514186953
1199,9390.661994418128,1.006122399986337
1200,9391.126498441181,1.002313681142539
1201,9391.591047848597,1.0006732687132445
1202,9392.055642640376,1.003298490226029
1203,9392.52028281652,1.003133822768111
1204,9392.984968377028,1.00329937234152
1205,9393.449699321898,1.0025067227245132
1206,9393.914475651132,1.0009166449300275
1207,9394.37929736473,0.9990342796657854
1208,9394.844164462693,0.9990897126655023
1209,9395.309076945017,1.0057068919209364
1210,9395.774034811708,1.0030765741523853
