Data,Energy,0
0,8866.371181979897,0.011067561549387383
1,8866.781270150947,0.020481061870570173
2,8867.19140370636,0.013399297065412282
3,8867.601582646137,0.0027325365844020864
4,8868.011806970277,0.009345761382685495
5,8868.422076678782,0.0002385054942646127
6,8868.83239177165,0.005997388278377432
7,8869.24275224888,-0.0034144754381581627
8,8869.653158110475,0.0038849853054469387
9,8870.063609356434,0.008666161741251621
10,8870.474105986756,0.011436262193152377
11,8870.884648001442,0.01609131839493406
12,8871.295235400492,0.000943419957384237
13,8871.705868183904,0.008328162616414274
14,8872.116546351683,0.006623358138754539
15,8872.527269903821,0.005640264078214541
16,8872.938038840326,0.0038342312840313184
17,8873.348853161195,0.004708467795676223
18,8873.759712866426,0.010255094244643728
19,8874.17061795602,0.013586540671018277
20,8874.58156842998,0.011823310282669676
21,8874.9925642883,0.006409809882736415
22,8875.403605530988,0.0026591525563784153
23,8875.814692158037,-0.0022920203633350097
24,8876.22582416945,0.006462109831653233
25,8876.637001565226,0.004896061345364947
26,8877.048224345368,0.002894303177857758
27,8877.459492509872,-0.0009755037242612583
28,8877.87080605874,0.002948094113247121
29,8878.282164991972,0.003524082250390712
30,8878.693569309566,0.0068399601194575905
31,8879.105019011526,0.0031095689113445272
32,8879.516514097848,0.00147927064614811
33,8879.928054568534,0.007782627712396833
34,8880.339640423583,0.009639211481968463
35,8880.751271662995,0.006547546114965977
36,8881.162948286774,0.00837353975859352
37,8881.574670294915,-0.006642629502735849
38,8881.986437687417,-0.006011847287080111
39,8882.398250464286,0.00010870068227411035
40,8882.810108625517,0.002867772275183005
41,8883.222012171113,0.0033145773095907844
42,8883.633961101072,0.00480431670037003
43,8884.045955415393,-0.0009801019339879852
44,8884.457995114079,0.0018927975412600159
45,8884.870080197128,-0.007020729741054695
46,8885.282210664542,0.002389027645734387
47,8885.69438651632,-0.0035569340975970688
48,8886.10660775246,0.006779302818120364
49,8886.518874372963,-0.0017900327137255615
50,8886.931186377831,-0.00035906857027898727
51,8887.343543767063,0.0011543795808906326
52,8887.75594654066,0.005696824424514781
53,8888.168394698618,0.005128378165378156
54,8888.58088824094,-0.0065226876655512765
55,8888.993427167627,-0.006253908652812137
56,8889.406011478675,-0.011213976557176016
57,8889.818641174088,-0.00954692272684066
58,8890.231316253865,-0.0034237690765771475
59,8890.644036718006,0.009025691633518866
60,8891.05680256651,0.0018510751016861783
61,8891.469613799378,-0.004585533180016942
62,8891.882470416609,-0.0003968122330545638
63,8892.295372418204,0.001087739171448753
64,8892.708319804164,-0.004601416221672615
65,8893.121312574487,-0.0017976076543052433
66,8893.534350729173,-0.004066445166439246
67,8893.947434268222,-0.008278632015410643
68,8894.360563191636,0.002494332782171753
69,8894.773737499412,0.005601329780967073
70,8895.186957191552,-0.0006691278779673302
71,8895.600222268058,-0.002049578776607999
72,8896.013532728924,-0.0021164990217825207
73,8896.426888574157,-0.011996742396254551
74,8896.840289803751,-0.007911954247419199
75,8897.253736417711,-0.006675272140009342
76,8897.667228416034,-0.003923027324207226
77,8898.080765798719,-0.0038456294032410943
78,8898.49434856577,-0.016568618153331088
79,8898.907976717182,-0.006157363766255008
80,8899.32165025296,-0.009027660217144066
81,8899.7353691731,-0.01007022783406018
82,8900.149133477604,-0.011151953437542505
83,8900.562943166473,-0.0013814965188233986
84,8900.976798239704,-0.007702322160196153
85,8901.3906986973,-0.010147604582820276
86,8901.804644539257,-0.006292276150515246
87,8902.218635765581,-0.008618071690945488
88,8902.632672376267,-0.007643960796185678
89,8903.046754371317,-0.0073623045370895075
90,8903.46088175073,-0.005228652019533557
91,8903.875054514507,-0.006364696570000821
92,8904.289272662647,0.0029123844018627185
93,8904.703536195151,-0.006317831752528391
94,8905.11784511202,-0.0008561383032388526
95,8905.532199413252,-0.0008530875258227035
96,8905.946599098846,-0.0003610143091478469
97,8906.361044168805,-0.0013018434879995126
98,8906.775534623128,-0.00612924861170644
99,8907.190070461815,-0.012654366405760755
100,8907.604651684864,-0.004416553897157938
101,8908.019278292277,-0.0013666924122018934
102,8908.433950284054,0.002685112555960578
103,8908.848667660195,0.006643227163028763
104,8909.2634304207,0.0004905644498666947
105,8909.678238565568,-0.0005811573534613554
106,8910.0930920948,-0.00590753053144645
107,8910.507991008395,-0.004767718327498657
108,8910.922935306353,-0.0005982699178182521
109,8911.337924988677,0.0017948567396560487
110,8911.752960055363,0.000922099897311236
111,8912.168040506413,-0.004499448051725131
112,8912.583166341825,0.0023941750147540943
113,8912.998337561603,0.0002823398998816303
114,8913.413554165743,0.00939901545814029
115,8913.828816154248,-0.002652111245015927
116,8914.244123527116,-0.000719531530755606
117,8914.659476284347,0.0008288018198200251
118,8915.074874425942,0.001175169407981821
119,8915.4903179519,0.002517075866507477
120,8915.905806862223,-0.0003345959890648578
121,8916.32134115691,-0.00830501022600915
122,8916.73692083596,-0.0025245738575570297
123,8917.152545899373,-0.0030031822367771158
124,8917.56821634715,-0.002155947852563486
125,8917.983932179292,-0.001263621753773691
126,8918.399693395795,-0.007382574655608407
127,8918.815499996665,-0.010386526806446153
128,8919.231351981896,-0.007824410813526791
129,8919.64724935149,-0.003934626083037357
130,8920.06319210545,-0.003285244002646323
131,8920.479180243772,-0.006751095438531663
132,8920.895213766458,-0.007003882870603813
133,8921.311292673508,-0.009228133828452945
134,8921.727416964923,-0.012083041045867274
135,8922.1435866407,-0.0033691105466776127
136,8922.55980170084,-0.0012820416097865327
137,8922.976062145344,0.006477324347010456
138,8923.392367974213,0.000567581564883843
139,8923.808719187444,-0.01243468476422227
140,8924.225115785039,-0.00501529694828726
141,8924.641557766998,-0.0048975256675064145
142,8925.05804513332,-0.007439747591581989
143,8925.474577884008,-0.0015737417300855684
144,8925.891156019057,0.0030337440656467408
145,8926.30777953847,0.0004219951869480625
146,8926.724448442248,-0.007573997555606478
147,8927.14116273039,-0.0037644042112610792
148,8927.557922402893,-0.00742083920115587
149,8927.974727459761,-0.004837886581797051
150,8928.391577900993,-0.0032026537649521222
151,8928.808473726589,0.0011813357133361915
152,8929.225414936547,0.0014902937890196668
153,8929.642401530871,0.0026612006822151002
154,8930.059433509557,-0.004558359225694836
155,8930.476510872606,-0.0012647138840007068
156,8930.89363362002,-0.004602465549134705
157,8931.310801751797,-0.005438116919067253
158,8931.728015267938,-0.003444630605878168
159,8932.145274168442,-0.008156317920464616
160,8932.562578453311,0.0012983565028399707
161,8932.979928122542,-0.005242282948073427
162,8933.397323176137,-0.0001250492521775815
163,8933.814763614097,0.004024812447325688
164,8934.23224943642,-0.0015988218579812861
165,8934.649780643105,-0.0014450570920307142
166,8935.067357234157,0.0016315053671891412
167,8935.48497920957,0.004017512764237251
168,8935.902646569346,0.0014390204629409946
169,8936.320359313488,-0.008595106882708037
170,8936.738117441992,-0.006899167029462598
171,8937.15592095486,-0.0030685764972518013
172,8937.573769852092,0.001179939639199257
173,8937.991664133688,0.0025731417489264974
174,8938.409603799646,-0.01030972604047257
175,8938.82758884997,-0.007583728846793395
176,8939.245619284657,0.00537040766292506
177,8939.663695103705,0.0053780478350498005
178,8940.08181630712,-0.0032356078107997894
179,8940.499982894897,0.0032084891561267883
180,8940.918194867038,-0.00044510505127987585
181,8941.336452223542,-0.006282794076775178
182,8941.75475496441,0.0022765359268888206
183,8942.173103089643,0.004073828533884098
184,8942.591496599238,0.002433763695930913
185,8943.009935493197,-0.004225910221239269
186,8943.428419771519,-0.0025653707798557607
187,8943.846949434206,-0.0032459522090258633
188,8944.265524481256,-0.01272374348204421
189,8944.68414491267,-0.004106910728043041
190,8945.102810728447,-0.006513346725009723
191,8945.521521928587,-0.003544697131601932
192,8945.940278513091,-0.0016684575122644651
193,8946.35908048196,0.002545844216846082
194,8946.777927835192,-0.0003464268916662833
195,8947.196820572788,-0.006893554549515113
196,8947.615758694747,-0.00024918710798514025
197,8948.03474220107,-0.0006802764312987055
198,8948.453771091756,-0.00046843319867799813
199,8948.872845366806,-0.005257836258193282
200,8949.29196502622,-0.016279163962299753
201,8949.711130069998,-0.006184076794598964
202,8950.130340498139,-0.0017367848152834023
203,8950.549596310642,0.006510276020674152
204,8950.968897507511,-0.00513609772005489
205,8951.388244088743,-6.952514491525901e-05
206,8951.807636054338,0.00202659363051521
207,8952.227073404298,0.004736554362165463
208,8952.646556138621,0.0038038452793333634
209,8953.066084257307,-0.0006933566075250034
210,8953.485657760357,0.0037265665076989625
211,8953.90527664777,-0.003686997497122017
212,8954.324940919549,-0.002879094006202062
213,8954.744650575689,0.006014840257238324
214,8955.164405616193,0.009817870518368467
215,8955.584206041061,0.0014561024594757013
216,8956.004051850294,0.003908043043864464
217,8956.42394304389,0.004374669507614085
218,8956.843879621849,-0.004960406112448877
219,8957.263861584172,0.0051770449673457005
220,8957.683888930858,0.0063253449927487045
221,8958.103961661907,0.010255518095655794
222,8958.524079777322,0.0035263686317991553
223,8958.9442432771,0.003201233252120495
224,8959.36445216124,0.010960430792553195
225,8959.784706429744,0.000822721704539751
226,8960.205006082613,0.011061234055852657
227,8960.625351119845,0.006538658121798312
228,8961.04574154144,0.0031341658647776813
229,8961.4661773474,0.006947382911015327
230,8961.886658537722,0.004174101422017511
231,8962.30718511241,0.006019519327488176
232,8962.72775707146,0.002454190594134434
233,8963.148374414874,0.006486137086952548
234,8963.56903714265,0.00874389271714613
235,8963.989745254792,0.011756465368333115
236,8964.410498751296,0.006977546139210255
237,8964.831297632165,0.0013778917194070374
238,8965.252141897396,-0.0010712979910534942
239,8965.673031546992,0.006820591395362064
240,8966.093966580951,0.005286272052465832
241,8966.514946999274,0.0009765350528619775
242,8966.93597280196,0.001742816548367078
243,8967.35704398901,0.0039017957040592233
244,8967.778160560425,0.011971122557167152
245,8968.199322516202,0.016715388652379447
246,8968.620529856344,0.01750965993883015
247,8969.041782580847,0.006885008869815194
248,8969.463080689717,0.012357341535253894
249,8969.884424182948,0.010428690613213807
250,8970.305813060544,0.013913007402171204
251,8970.727247322504,0.024894350652984044
252,8971.148726968826,0.01226151251177023
253,8971.570251999512,0.014135735428335842
254,8971.991822414562,0.018286023990881084
255,8972.413438213976,0.013408540556604405
256,8972.835099397755,0.019624487235396608
257,8973.256805965895,0.02767121552969181
258,8973.6785579184,0.029388787840390312
259,8974.100355255268,0.025522888543149234
260,8974.522197976501,0.03409687514534704
261,8974.944086082096,0.02716683646017568
262,8975.366019572055,0.043889102319657744
263,8975.787998446378,0.04147146965756214
264,8976.210022705065,0.04357962903085865
265,8976.632092348114,0.047739839237376305
266,8977.05420737553,0.057997504227268154
267,8977.476367787307,0.058707587083209466
268,8977.898573583447,0.0648395319077458
269,8978.320824763952,0.09658851970225898
270,8978.74312132882,0.1369298379392451
271,8979.165463278052,0.16687310334206507
272,8979.587850611648,0.1991369764992677
273,8980.010283329608,0.22403871350248558
274,8980.43276143193,0.2439245636513986
275,8980.855284918618,0.25822458222301325
276,8981.277853789667,0.27109999418586417
277,8981.700468045081,0.28186025640795487
278,8982.12312768486,0.29683520119025636
279,8982.545832709,0.30142309858072225
280,8982.968583117505,0.32003850813762846
281,8983.391378910374,0.3482412183231492
282,8983.814220087605,0.37825301984791637
283,8984.237106649201,0.4170363452896077
284,8984.66003859516,0.4598312310171871
285,8985.083015925484,0.5015602298887573
286,8985.50603864017,0.5397954162199734
287,8985.92910673922,0.5920183370369524
288,8986.352220222634,0.6418535034695252
289,8986.775379090412,0.6928210772529904
290,8987.198583342553,0.7375066819347524
291,8987.621832979057,0.7857632804879296
292,8988.045127999927,0.8298173336940421
293,8988.468468405159,0.8892838749485495
294,8988.891854194753,0.9408067217648759
295,8989.315285368713,0.9943849292163744
296,8989.738761927036,1.0540578170334214
297,8990.162283869724,1.1096760011321445
298,8990.585851196773,1.171438348644729
299,8991.009463908187,1.2235749655757662
300,8991.433122003966,1.2637278740594944
301,8991.856825484107,1.300592817056227
302,8992.280574348611,1.3319616345689598
303,8992.704368597479,1.3515269502639908
304,8993.128208230712,1.3610631109449467
305,8993.552093248307,1.3631809067732612
306,8993.976023650266,1.3664076333894637
307,8994.39999943659,1.3549682259312656
308,8994.824020607277,1.3415292161622734
309,8995.248087162327,1.3323276574313057
310,8995.67219910174,1.3169499325107137
311,8996.096356425518,1.2949770502307323
312,8996.52055913366,1.2898487258666438
313,8996.944807226164,1.2632470671093383
314,8997.369100703034,1.2432494432902432
315,8997.793439564266,1.2163660123052016
316,8998.21782380986,1.203837897551626
317,8998.64225343982,1.196112001128278
318,8999.066728454143,1.1672033249478653
319,8999.49124885283,1.1520899502957156
320,8999.91581463588,1.1353783661475911
321,9000.340425803295,1.1045212015335504
322,9000.765082355072,1.085254489697649
323,9001.189784291213,1.0642770321906352
324,9001.614531611718,1.050087289788672
325,9002.039324316587,1.0395232634814056
326,9002.464162405819,1.032739211877947
327,9002.889045879416,1.0244609199439245
328,9003.313974737375,1.018395198105122
329,9003.738948979697,0.9949577231209425
330,9004.163968606385,0.9909091460153339
331,9004.589033617434,0.9881584448549436
332,9005.014144012848,0.976861852324185
333,9005.439299792626,0.9740279798324805
334,9005.864500956768,0.971088467072541
335,9006.289747505272,0.9686473821935899
336,9006.71503943814,0.957209802612967
337,9007.140376755373,0.9562734955399566
338,9007.56575945697,0.9500980592772121
339,9007.991187542928,0.950234744845641
340,9008.416661013252,0.9394260790384527
341,9008.84217986794,0.9438129450607837
342,9009.26774410699,0.9322511274152088
343,9009.693353730403,0.9256755274793858
344,9010.11900873818,0.9269969107152922
345,9010.544709130321,0.9276913217534895
346,9010.970454906826,0.9217222897186768
347,9011.396246067696,0.928345144500204
348,9011.822082612927,0.9135571294434595
349,9012.247964542525,0.9055476639959344
350,9012.673891856484,0.9118948936215645
351,9013.099864554806,0.9084772893934643
352,9013.525882637494,0.9065776333058186
353,9013.951946104544,0.888456957788227
354,9014.378054955958,0.8952949732049631
355,9014.804209191736,0.891366132659794
356,9015.230408811876,0.8883697870375687
357,9015.656653816382,0.8881481387004699
358,9016.08294420525,0.8775662146162201
359,9016.509279978483,0.8806982777872041
360,9016.935661136078,0.8769034184406651
361,9017.362087678039,0.8723864269358668
362,9017.788559604362,0.8742759217628164
363,9018.215076915048,0.8624139462022046
364,9018.6416396101,0.8642410800663451
365,9019.068247689513,0.8696117359561202
366,9019.49490115329,0.8772502101575708
367,9019.921600001431,0.8721685059996835
368,9020.348344233937,0.8605795355292176
369,9020.775133850806,0.8668190412126837
370,9021.201968852038,0.8633517945776301
371,9021.628849237633,0.8638549863514795
372,9022.055775007593,0.8612307878726368
373,9022.482746161917,0.8641956320356434
374,9022.909762700603,0.876392399016527
375,9023.336824623653,0.8662350358451487
376,9023.763931931067,0.8719115050695954
377,9024.191084622846,0.8773194951376113
378,9024.618282698988,0.880796758084953
379,9025.045526159493,0.8904682900510035
380,9025.472815004361,0.8898923034685939
381,9025.900149233594,0.8984668505693797
382,9026.327528847189,0.8987038655513413
383,9026.75495384515,0.9047565422515007
384,9027.182424227472,0.9039077142581852
385,9027.60993999416,0.9055166177206355
386,9028.037501145209,0.9136875525616593
387,9028.465107680624,0.9219763156105765
388,9028.892759600401,0.9334210447835285
389,9029.320456904543,0.9380834515384677
390,9029.748199593048,0.9363002135140301
391,9030.175987665916,0.9478788977416928
392,9030.60382112315,0.9488722310859331
393,9031.031699964746,0.9498468362102499
394,9031.459624190706,0.9575483300304286
395,9031.887593801028,0.9631883604604687
396,9032.315608795716,0.9713518688970547
397,9032.743669174766,0.9762026526257053
398,9033.17177493818,0.9792922115293043
399,9033.599926085957,0.986086732814885
400,9034.0281226181,0.9894645229705901
401,9034.456364534604,0.9937232575605193
402,9034.884651835473,0.9985423345555585
403,9035.312984520706,1.0053914457046567
404,9035.741362590301,1.0039779501934525
405,9036.169786044262,1.0141683045098946
406,9036.598254882585,1.0138325833632393
407,9037.02676910527,1.022579412852779
408,9037.455328712322,1.0260723932613232
409,9037.883933703735,1.0306817856149237
410,9038.312584079515,1.0332757598125333
411,9038.741279839656,1.0391114638371381
412,9039.17002098416,1.0289563076383397
413,9039.59880751303,1.03781441583672
414,9040.027639426262,1.0333751943645513
415,9040.456516723858,1.0387813309105765
416,9040.885439405818,1.0405054224567036
417,9041.31440747214,1.0444803824025646
418,9041.743420922829,1.0451319337966845
419,9042.172479757879,1.042147140696685
420,9042.601583977292,1.0374283362919807
421,9043.03073358107,1.0423160489950318
422,9043.459928569213,1.0458248699562538
423,9043.889168941718,1.0473088233188939
424,9044.318454698587,1.0531091802648684
425,9044.747785839818,1.056745641367665
426,9045.177162365415,1.0507523982563192
427,9045.606584275374,1.0534815852017725
428,9046.036051569698,1.0589869797300555
429,9046.465564248385,1.0597196609360882
430,9046.895122311435,1.0524047647071781
431,9047.32472575885,1.052037058766194
432,9047.754374590628,1.0607688835244478
433,9048.18406880677,1.0609375861460921
434,9048.613808407274,1.0457259336196554
435,9049.043593392144,1.0548406470278229
436,9049.473423761376,1.0478720239545511
437,9049.903299514972,1.0448834631537771
438,9050.333220652932,1.0429821990737627
439,9050.763187175255,1.0466107381546674
440,9051.193199081941,1.0437207832579978
441,9051.623256372992,1.0518266405163044
442,9052.053359048406,1.0492302456124218
443,9052.483507108185,1.0470939937290655
444,9052.913700552326,1.0467001275690175
445,9053.343939380831,1.0570485704225387
446,9053.7742235937,1.054010435960081
447,9054.204553190933,1.049370640022514
448,9054.634928172529,1.0416305159633925
449,9055.065348538488,1.0469071579757534
450,9055.495814288812,1.0495184017237826
451,9055.9263254235,1.051990351441681
452,9056.356881942549,1.0510500372639138
453,9056.787483845965,1.0427891779132141
454,9057.218131133743,1.0425557535124224
455,9057.648823805885,1.0476795262516658
456,9058.079561862389,1.0378196368091843
457,9058.510345303257,1.0436727302142397
458,9058.941174128491,1.0404186449028014
459,9059.372048338086,1.0415437812448154
460,9059.802967932046,1.034578729404968
461,9060.23393291037,1.040280981134229
462,9060.664943273057,1.0324218552676563
463,9061.095999020108,1.0375690006978466
464,9061.527100151521,1.042857525050152
465,9061.9582466673,1.0349652571141217
466,9062.389438567441,1.0323217429797327
467,9062.820675851946,1.0315029598518053
468,9063.251958520816,1.0314061553801317
469,9063.683286574049,1.024256546498584
470,9064.114660011644,1.0239996297595355
471,9064.546078833604,1.0223268627262385
472,9064.977543039928,1.025311439618562
473,9065.409052630615,1.0311297252720586
474,9065.840607605665,1.0198781488140156
475,9066.27220796508,1.0237061185364211
476,9066.703853708857,1.0243325604501787
477,9067.135544837,1.0239719369760805
478,9067.567281349506,1.021683361354445
479,9067.999063246374,1.019116349360221
480,9068.430890527607,1.012351262906573
481,9068.862763193203,1.022345997707276
482,9069.294681243162,1.013837096355031
483,9069.726644677487,1.0108498029255397
484,9070.158653496173,1.00568084074263
485,9070.590707699224,1.0085345916934996
486,9071.02280728664,1.0080223078207755
487,9071.454952258417,1.0085862555769585
488,9071.887142614558,1.0024746771836397
489,9072.319378355063,1.002191377070734
490,9072.751659479933,1.0037841175258486
491,9073.183985989166,0.9979567451741429
492,9073.616357882762,0.9980511740168964
493,9074.048775160722,1.0018250964819173
494,9074.481237823045,0.9990530758450014
495,9074.913745869731,1.0048772275574545
496,9075.346299300783,1.0023146790879311
497,9075.778898116198,0.9914312585548205
498,9076.211542315976,0.9905620712377685
499,9076.644231900116,0.9919232851228785
500,9077.076966868623,0.9863818783217194
501,9077.509747221491,0.9879900527572489
502,9077.942572958724,0.983270753863148
503,9078.37544408032,0.9930745535227916
504,9078.80836058628,0.9897284510650955
505,9079.241322476604,0.9875859996530902
506,9079.674329751291,0.9850445017027997
507,9080.107382410342,0.9833442485109878
508,9080.540480453756,0.9835819790562124
509,9080.973623881535,0.9835795894259487
510,9081.406812693676,0.9828406178976865
511,9081.840046890182,0.9807917068843262
512,9082.273326471051,0.9748575926567619
513,9082.706651436283,0.9763584479896921
514,9083.140021785879,0.9767548132827946
515,9083.573437519839,0.977824827680378
516,9084.006898638163,0.9783252489228074
517,9084.440405140851,0.9750450323634317
518,9084.873957027901,0.975518538574569
519,9085.307554299316,0.9773837047242893
520,9085.741196955094,0.9744268873339601
521,9086.174884995236,0.976726996583936
522,9086.608618419741,0.9746415367901712
523,9087.04239722861,0.9770545800688151
524,9087.476221421843,0.9773197394496471
525,9087.91009099944,0.9767898552352876
526,9088.344005961399,0.9750260471605438
527,9088.777966307724,0.9763692164790183
528,9089.21197203841,0.9805614972338922
529,9089.64602315346,0.9817540444855473
530,9090.080119652876,0.9763758647939763
531,9090.514261536653,0.973134707031361
532,9090.948448804795,0.9742041869172539
533,9091.3826814573,0.9764067309761342
534,9091.81695949417,0.9743562111966899
535,9092.251282915402,0.9775207257943366
536,9092.685651720998,0.9849275938649418
537,9093.120065910958,0.9837328989322035
538,9093.554525485282,0.9801120466581333
539,9093.98903044397,0.9766793070814624
540,9094.423580787021,0.9855408520177744
541,9094.858176514435,0.9790739431705388
542,9095.292817626214,0.9799097047598304
543,9095.727504122355,0.9834059609556991
544,9096.162236002861,0.978442387468104
545,9096.59701326773,0.9833492529931565
546,9097.031835916963,0.9895367764922394
547,9097.466703950558,0.98578043349359
548,9097.90161736852,0.989642523248871
549,9098.336576170843,0.9883963177162434
550,9098.77158035753,0.9913169857106946
551,9099.206629928582,0.987909253573051
552,9099.641724883995,0.9885142141356731
553,9100.076865223773,0.9945358346595039
554,9100.512050947915,0.9912407160502746
555,9100.94728205642,0.9909734413239972
556,9101.38255854929,0.992081219526256
557,9101.817880426523,0.9924654036083979
558,9102.253247688119,0.984438659600954
559,9102.688660334079,0.9877650706663577
560,9103.124118364403,0.9956908894625692
561,9103.55962177909,0.9957140358265626
562,9103.995170578142,0.9881112595575062
563,9104.430764761557,0.9857816278202515
564,9104.866404329334,0.9910146731792119
565,9105.302089281477,0.9903705473462221
566,9105.737819617982,0.9924758343324304
567,9106.17359533885,0.9997122698363179
568,9106.609416444084,0.9971755903104476
569,9107.045282933681,1.0004896881138685
570,9107.48119480764,1.0009200988393212
571,9107.917152065964,0.9950848472501561
572,9108.353154708651,1.0010868146010072
573,9108.789202735703,0.9980639335626185
574,9109.225296147117,0.9952927167330781
575,9109.661434942895,0.9976858987651496
576,9110.097619123037,1.000962882066497
577,9110.533848687543,0.9994128582742872
578,9110.970123636413,0.9986012137965166
579,9111.406443969645,1.0008138873078163
580,9111.842809687241,1.0022560156032458
581,9112.279220789202,0.9949481317664026
582,9112.715677275524,1.0021270437501366
583,9113.152179146213,1.0025654502535941
584,9113.588726401264,1.0045626437920934
585,9114.025319040678,1.0063856037252634
586,9114.461957064457,1.0088127847884598
587,9114.898640472598,1.0055282100543126
588,9115.335369265104,1.0062744518797135
589,9115.772143441973,1.0029902745271884
590,9116.208963003206,1.004014280967616
591,9116.645827948803,1.004786522269161
592,9117.082738278763,1.0045022736388407
593,9117.519693993087,1.009760521934782
594,9117.956695091774,1.0052554797008186
595,9118.393741574824,1.0088808830216291
596,9118.83083344224,1.0050059436876522
597,9119.267970694018,1.0064431789735555
598,9119.70515333016,1.0073005613457746
599,9120.142381350666,1.0120159238646176
600,9120.579654755535,1.0080824278084273
601,9121.016973544767,1.0092094198366262
602,9121.454337718364,1.0128787629604883
603,9121.891747276324,1.0139861479827523
604,9122.329202218649,1.0063244119810357
605,9122.766702545336,1.00716957897954
606,9123.204248256387,1.01199292557591
607,9123.641839351802,1.0147343471659778
608,9124.07947583158,1.00925267334979
609,9124.517157695722,1.0105201726715571
610,9124.954884944227,1.0102152784756009
611,9125.392657577097,1.0109667207301993
612,9125.83047559433,1.016398381442154
613,9126.268338995926,1.0144688148502223
614,9126.706247781887,1.010228481623562
615,9127.144201952211,1.000474227676769
616,9127.582201506897,1.0127904001910624
617,9128.020246445949,1.0071372720912146
618,9128.458336769363,1.00595011987772
619,9128.896472477141,1.015699523881009
620,9129.334653569284,1.0112800686638659
621,9129.77288004579,1.0094267605955132
622,9130.211151906658,1.00933275837064
623,9130.649469151893,1.0082527376240886
624,9131.087831781488,1.013629320266439
625,9131.526239795448,1.01175459707648
626,9131.964693193773,1.0087395182525838
627,9132.40319197646,1.0073646460062622
628,9132.841736143511,1.0130453996062343
629,9133.280325694926,1.0096628182976553
630,9133.718960630704,1.006723940900522
631,9134.157640950847,1.0160553949657767
632,9134.596366655353,1.0142996239897282
633,9135.035137744222,1.01099855278658
634,9135.473954217454,1.0140424085192317
635,9135.912816075052,1.0069747893469354
636,9136.351723317011,1.0184106160679645
637,9136.790675943335,1.0149628504563744
638,9137.229673954023,1.0158329421323296
639,9137.668717349074,1.0188884631130708
640,9138.107806128488,1.015601371315078
641,9138.546940292268,1.0151743626620129
642,9138.986119840409,1.0114028209011288
643,9139.425344772915,1.0157570187206053
644,9139.864615089784,1.0247434679561371
645,9140.303930791017,1.0226339068117976
646,9140.743291876614,1.0234579795374432
647,9141.182698346574,1.0185612860469244
648,9141.622150200898,1.012966111244031
649,9142.061647439587,1.0152925406106728
650,9142.501190062638,1.0121892811062105
651,9142.940778070051,1.0144853402069165
652,9143.38041146183,1.0101234641517665
653,9143.820090237972,1.010175612277631
654,9144.259814398478,1.0111007603027566
655,9144.699583943348,1.016817566872764
656,9145.139398872581,1.014321351351944
657,9145.579259186177,1.0129640418726833
658,9146.019164884137,1.0149187694133983
659,9146.459115966461,1.012386448248973
660,9146.89911243315,1.0158625079106134
661,9147.3391542842,1.012489230387792
662,9147.779241519615,1.0068764146846743
663,9148.219374139393,1.0072394766986301
664,9148.659552143536,1.0106413265884298
665,9149.099775532042,1.0141133622382723
666,9149.540044304911,1.0096879427732728
667,9149.980358462144,1.0115269161503737
668,9150.420718003741,1.0152056583269005
669,9150.8611229297,1.0128679802660663
670,9151.301573240025,1.0098573199297767
671,9151.742068934713,1.0071767862252659
672,9152.182610013764,1.0046445786825464
673,9152.62319647718,1.0051061819606986
674,9153.063828324957,1.0031437501958456
675,9153.504505557099,1.009436712562786
676,9153.945228173605,1.0110195139054807
677,9154.385996174475,1.0050748447054663
678,9154.826809559709,1.0055185639870752
679,9155.267668329305,1.0073147970968692
680,9155.708572483265,1.007611563928532
681,9156.14952202159,1.004682005034821
682,9156.590516944276,1.007262290822412
683,9157.031557251328,1.0055898081519294
684,9157.472642942743,1.0047621987575515
685,9157.913774018522,1.004254809271489
686,9158.354950478664,1.0067856284281984
687,9158.79617232317,1.0012508949419514
688,9159.237439552038,1.0071374392360093
689,9159.678752165271,1.0075294050063137
690,9160.120110162869,1.0094009692850099
691,9160.56151354483,1.0081093021823144
692,9161.002962311153,1.006249374516019
693,9161.44445646184,1.0096931099479751
694,9161.885995996892,1.0071495304103966
695,9162.327580916308,1.0021468017841832
696,9162.769211220086,1.0030482271645584
697,9163.210886908228,1.0012006233601727
698,9163.652607980734,1.0004079969420898
699,9164.094374437604,1.0032468455130874
700,9164.536186278836,1.0032730053230365
701,9164.978043504434,1.0022103691962658
702,9165.419946114394,1.0013813603526942
703,9165.861894108717,1.0058692982766382
704,9166.303887487406,0.9966228210381242
705,9166.745926250456,1.001872942083816
706,9167.188010397871,0.9960648997398263
707,9167.63013992965,1.0060058430686398
708,9168.072314845793,0.9984853981140636
709,9168.514535146298,0.997413228580996
710,9168.956800831167,0.999405976668952
711,9169.3991119004,0.9926400998051725
712,9169.841468353998,0.9907968773382096
713,9170.283870191959,0.991611662975264
714,9170.726317414283,0.9966675159789415
715,9171.16881002097,0.9941613065428254
716,9171.611348012022,0.9927894752467219
717,9172.053931387436,0.9956658032879823
718,9172.496560147216,0.9917980387764963
719,9172.939234291358,0.9978019472961661
720,9173.381953819864,0.9909969485571329
721,9173.824718732732,0.994713121428657
722,9174.267529029967,0.999465518349784
723,9174.710384711563,0.9960233236308462
724,9175.153285777524,0.9908636055683095
725,9175.596232227848,0.9909714009737897
726,9176.039224062535,0.9865654660673016
727,9176.482261281586,0.9962967886567053
728,9176.925343885001,0.999296270122968
729,9177.36847187278,0.9868058110976394
730,9177.811645244923,0.9971058422475382
731,9178.254864001428,0.9974698013914054
732,9178.698128142298,0.9914396048635103
733,9179.141437667531,0.9943204141617135
734,9179.584792577129,0.9968386043605915
735,9180.028192871088,0.9879448995405997
736,9180.471638549414,0.9880020726135301
737,9180.9151296121,0.9880609326334291
738,9181.358666059152,0.9965390174459103
739,9181.802247890568,1.005840541634904
740,9182.245875106346,0.9978569925209166
741,9182.689547706488,0.9927396314845571
742,9183.133265690994,0.9972821678136472
743,9183.577029059863,1.0040087117117038
744,9184.020837813097,0.9977653755996939
745,9184.464691950694,1.0042931503826247
746,9184.908591472655,1.0005062167168077
747,9185.35253637898,0.991378623654489
748,9185.796526669666,0.9952197744997888
749,9186.240562344718,0.9954943117053958
750,9186.684643404133,0.9943503777035847
751,9187.128769847912,0.9960082752383945
752,9187.572941676055,0.9958520069477679
753,9188.01715888856,0.9955975667877935
754,9188.46142148543,0.993488236417989
755,9188.905729466664,0.9918649531050492
756,9189.35008283226,0.9954794167155745
757,9189.794481582221,0.9962888667423054
758,9190.238925716545,0.9972410640967204
759,9190.683415235233,0.9915630425846359
760,9191.127950138283,0.9918324593593619
761,9191.5725304257,0.9965281047231203
762,9192.017156097478,0.9910053061670792
763,9192.46182715362,0.9937147567663914
764,9192.906543594127,0.9957061794167797
765,9193.351305418995,0.9931840048178286
766,9193.79611262823,0.9977437756209728
767,9194.240965221827,0.9989707016538678
768,9194.685863199787,0.9896059466900231
769,9195.13080656211,0.9908282788554204
770,9195.5757953088,0.9918100912738209
771,9196.02082943985,0.9886151858865955
772,9196.465908955266,0.9861352828331984
773,9196.911033855044,0.9913771014587514
774,9197.356204139187,0.9895076245906622
775,9197.801419807693,0.9885387958251657
776,9198.246680860562,0.988340319732959
777,9198.691987297796,0.9904100167568559
778,9199.137339119392,0.9912747281782052
779,9199.582736325354,0.9907365014100382
780,9200.028178915678,0.9946315877459087
781,9200.473666890366,0.991811074163292
782,9200.919200249416,0.9910800483424178
783,9201.364778992833,0.9888233147532781
784,9201.810403120611,0.99016037058427
785,9202.256072632754,0.9903864283342835
786,9202.70178752926,0.9872227770731372
787,9203.14754781013,0.9870983221937935
788,9203.593353475362,0.9905491047747954
789,9204.03920452496,0.9968530403102558
790,9204.48510095892,0.9937661813120628
791,9204.931042777245,0.9907612180394195
792,9205.377029979933,0.9937608228787186
793,9205.823062566984,0.990712341018053
794,9206.2691405384,0.9993802025669151
795,9206.715263894179,0.991746309406641
796,9207.16143263432,0.9931880366261208
797,9207.607646758826,0.9950222009262777
798,9208.053906267696,0.9998704165641734
799,9208.50021116093,0.995108197103582
800,9208.946561438526,0.9988112172871357
801,9209.392957100488,0.9915157425315195
802,9209.839398146813,0.9934366698304131
803,9210.2858845775,1.0008035714405017
804,9210.732416392551,0.9997081261687965
805,9211.178993591966,1.0000514032671393
806,9211.625616175746,0.993426371692345
807,9212.072284143887,0.9945527831497647
808,9212.518997496394,1.0073452816687032
809,9212.965756233265,1.0025562680605478
810,9213.412560354498,0.99562332518135
811,9213.859409860095,0.9961484805289627
812,9214.306304750055,0.9936921873103081
813,9214.75324502438,0.9995331106837438
814,9215.200230683067,0.9987576649483665
815,9215.647261726119,0.998995337485836
816,9216.094338153534,1.0016723846357283
817,9216.541459965314,0.9982449897967591
818,9216.988627161456,0.9982053515265555
819,9217.435839741962,1.0019659285700522
820,9217.883097706832,0.9974629312220712
821,9218.330401056066,1.000839129954385
822,9218.777749789662,1.0002842406586328
823,9219.225143907623,0.9943844261564836
824,9219.672583409947,0.9969298952768955
825,9220.120068296636,0.9985659881218819
826,9220.567598567688,0.9962351393219264
827,9221.015174223103,0.9951637134776106
828,9221.462795262882,0.9997360997943787
829,9221.910461687025,1.0014830524672398
830,9222.35817349553,1.0059794274061646
831,9222.8059306884,0.9973822551404241
832,9223.253733265634,0.9985509157501324
833,9223.701581227231,0.9959840871558803
834,9224.14947457319,1.0003340980216895
835,9224.597413303516,1.0046268660469666
836,9225.045397418204,1.0030107511332602
837,9225.493426917255,1.0000585332505398
838,9225.941501800671,0.9985020481485534
839,9226.38962206845,0.9991492275201742
840,9226.837787720593,1.0031181352286933
841,9227.2859987571,0.9977246008248966
842,9227.73425517797,1.002789852716655
843,9228.182556983202,1.0049258138003712
844,9228.630904172798,1.0005172529520405
845,9229.07929674676,0.9962787246581974
846,9229.527734705085,0.9995732488503251
847,9229.976218047772,0.9953825963957641
848,9230.424746774825,0.996879485852299
849,9230.87332088624,0.9985900037655894
850,9231.321940382019,0.9961771256628948
851,9231.770605262162,1.0016389081750356
852,9232.219315526667,1.0070403133623769
853,9232.668071175536,0.9969896357809102
854,9233.116872208771,1.0005744047617913
855,9233.565718626367,0.9983061424355387
856,9234.014610428329,0.9980507948653814
857,9234.463547614652,1.0018165272207895
858,9234.912530185342,1.0097297399251581
859,9235.361558140394,1.0011203436934364
860,9235.810631479808,1.0019370289707892
861,9236.259750203588,1.0013857402911102
862,9236.70891431173,1.0026091906983001
863,9237.158123804236,1.0043550395546683
864,9237.607378681107,1.000902610260737
865,9238.05667894234,0.9976292755139176
866,9238.506024587938,1.0016300025230864
867,9238.955415617898,1.001595816345999
868,9239.404852032223,0.9963524258560849
869,9239.85433383091,1.0018106453425353
870,9240.303861013963,0.9992650657129781
871,9240.753433581378,1.0022920631172072
872,9241.203051533157,1.0050689993273059
873,9241.652714869299,1.001630656610081
874,9242.102423589806,0.9981250408228175
875,9242.552177694675,1.0013966442444895
876,9243.001977183909,1.0075401732695441
877,9243.451822057506,0.9986165326735125
878,9243.901712315466,0.9957131547260026
879,9244.351647957792,1.0021478141310378
880,9244.80162898448,1.0023813286404741
881,9245.251655395532,1.0013448120476605
882,9245.701727190946,0.9991244949668742
883,9246.151844370726,1.0055820038683654
884,9246.602006934869,0.9991765033425869
885,9247.052214883375,1.0020869043482377
886,9247.502468216246,1.006867064193706
887,9247.952766933478,1.0012460335497757
888,9248.403111035075,1.004454455836872
889,9248.853500521036,0.9982753150674097
890,9249.303935391361,0.9996365125913691
891,9249.75441564605,1.0020188523134308
892,9250.204941285101,1.0050251864140143
893,9250.655512308516,1.0071071068590753
894,9251.106128716296,1.0005518504524877
895,9251.556790508439,1.0053816307960366
896,9252.007497684945,1.0026623342301813
897,9252.458250245814,1.0034759573701146
898,9252.909048191048,1.0008013531207425
899,9253.359891520646,1.0039538091053162
900,9253.810780234608,1.0037259839033843
901,9254.261714332932,1.0001835346273247
902,9254.71269381562,1.0099746291527307
903,9255.163718682672,1.0016350295990744
904,9255.614788934086,1.0060497063685983
905,9256.065904569867,1.0055475849706697
906,9256.51706559001,0.9998027879876978
907,9256.968271994516,1.0064448641801267
908,9257.419523783385,1.005061793317517
909,9257.87082095662,0.9984366468162299
910,9258.322163514216,1.0027940843323897
911,9258.773551456177,1.0068216362439495
912,9259.224984782502,0.9952058027179026
913,9259.67646349319,1.0054440354003051
914,9260.127987588243,1.0170040359825132
915,9260.579557067658,1.0024360743305851
916,9261.031171931436,1.0008398795694906
917,9261.48283217958,1.0061211371132543
918,9261.934537812085,1.0006873682510464
919,9262.386288828955,1.0025173683989765
920,9262.838085230189,1.0025904061643396
921,9263.289927015787,0.9986425533692708
922,9263.741814185747,1.001598703982736
923,9264.193746740073,0.9990920703700202
924,9264.645724678761,1.0066671858783027
925,9265.097748001812,1.000101783119344
926,9265.549816709228,1.0034701760375913
927,9266.001930801007,1.0039926740828562
928,9266.45409027715,1.006977220889039
929,9266.906295137656,1.0023133734645806
930,9267.358545382527,1.003327411460674
931,9267.81084101176,1.0023597661176282
932,9268.263182025357,1.0037667471310465
933,9268.715568423318,1.0075869524264889
934,9269.168000205644,1.00303177692652
935,9269.620477372331,1.007402000972475
936,9270.072999923384,0.9958978184130882
937,9270.5255678588,1.000669876122476
938,9270.978181178578,0.995859168174379
939,9271.430839882722,1.003987004835708
940,9271.883543971227,1.0019110963105886
941,9272.336293444097,0.9984053635701471
942,9272.789088301332,0.9984356571736138
943,9273.24192854293,0.9947238486263414
944,9273.69481416889,0.9957578848175543
945,9274.147745179214,0.9927318593769929
946,9274.600721573903,1.0020583890199881
947,9275.053743352955,0.9964539962231264
948,9275.50681051637,1.0028745177885188
949,9275.95992306415,0.9987736695292109
950,9276.413080996294,0.9956818967919301
951,9276.866284312799,0.9900578189454836
952,9277.31953301367,0.9995778525498502
953,9277.772827098903,1.0009722007806057
954,9278.2261665685,1.0052042075230876
955,9278.679551422461,1.0002273899563858
956,9279.132981660787,0.9900953010399913
957,9279.586457283474,0.9970623230037368
958,9280.039978290526,1.0043061681672323
959,9280.493544681942,1.0074082788812346
960,9280.947156457722,0.9961048015752338
961,9281.400813617864,0.9989344002034277
962,9281.854516162372,0.9985011868612312
963,9282.308264091242,0.9989104035877983
964,9282.762057404474,1.0005126367132477
965,9283.215896102072,0.9997525679154604
966,9283.669780184033,0.9967500518843637
967,9284.123709650357,0.9961802888125393
968,9284.577684501046,0.999827882166898
969,9285.031704736099,0.9992355765954286
970,9285.485770355514,0.998887982489494
971,9285.939881359294,1.000407312183886
972,9286.394037747436,1.0009009933465722
973,9286.848239519943,1.0010120339293231
974,9287.302486676814,0.9946015899605476
975,9287.756779218047,0.9966094703624371
976,9288.211117143645,1.0039707240188558
977,9288.665500453606,1.0013369497809612
978,9289.11992914793,0.9933382588653753
979,9289.57440322662,0.9989586848327884
980,9290.028922689671,0.9976972116019452
981,9290.483487537087,0.9967269222053143
982,9290.938097768865,0.9963169782805041
983,9291.39275338501,0.9941706821650329
984,9291.847454385515,0.9960468461228513
985,9292.302200770386,0.9977480042917279
986,9292.75699253962,1.0000391538059594
987,9293.211829693217,1.000894451500782
988,9293.666712231177,0.9961364616304189
989,9294.121640153502,0.9977529515499195
990,9294.57661346019,0.9971273598277461
991,9295.031632151244,0.9969476710642866
992,9295.486696226659,1.0002352226070785
993,9295.941805686438,0.9976977693344622
994,9296.396960530581,1.0007145256069165
995,9296.852160759088,1.0024058524402255
996,9297.307406371958,0.9972417734698243
997,9297.762697369193,0.9996730179983712
998,9298.218033750789,1.0019243582855224
999,9298.67341551675,0.9991923786001335
1000,9299.128842667076,0.9976629857802333
1001,9299.584315201764,0.9957809095306047
1002,9300.039833120816,0.9993606673206679
1003,9300.495396424232,0.9922267339641178
1004,9300.951005112012,1.0002866569117455
1005,9301.406659184155,0.9994705744600539
1006,9301.862358640661,1.0043503756721286
1007,9302.318103481532,0.9890726318966127
1008,9302.773893706766,0.9949673529312898
1009,9303.229729316363,0.9963634660748582
1010,9303.685610310324,0.9978080830809011
1011,9304.141536688649,0.9964004194687751
1012,9304.597508451337,0.9936734009194856
1013,9305.053525598389,0.991650177985379
1014,9305.509588129806,1.000025683684264
1015,9305.965696045585,0.992058493152586
1016,9306.421849345728,1.0034956142275204
1017,9306.878048030234,0.9943739613723772
1018,9307.334292099105,0.996190011047712
1019,9307.790581552339,1.0030000728115276
1020,9308.246916389937,1.0012018467076103
1021,9308.703296611897,1.0025226596207975
1022,9309.159722218223,0.9970480253588347
1023,9309.61619320891,1.000353446967097
1024,9310.072709583963,0.999790778114137
1025,9310.52927134338,0.9971314759285287
1026,9310.985878487158,1.002028309410679
1027,9311.442531015302,0.9968618364337889
1028,9311.899228927809,1.0008314737642352
1029,9312.35597222468,0.9979133991765404
1030,9312.812760905912,1.0033560101575156
1031,9313.26959497151,1.004878246715677
1032,9313.726474421472,1.0017032177654754
1033,9314.183399255797,0.9982643945252865
1034,9314.640369474484,1.0005728726629843
1035,9315.097385077537,0.9908787610361612
1036,9315.554446064953,0.9918762400764476
1037,9316.011552436732,0.9949527640444671
1038,9316.468704192876,0.9848166332375641
1039,9316.925901333381,0.9900505188785494
1040,9317.383143858253,0.9896289190255891
1041,9317.840431767487,0.9997327563868103
1042,9318.297765061085,1.0050242086753505
1043,9318.755143739045,0.9942390292087511
1044,9319.21256780137,0.9942108943706882
1045,9319.670037248059,0.9988681494978655
1046,9320.127552079111,1.0003048383695943
1047,9320.585112294526,0.9993298159420505
1048,9321.042717894306,0.9947202198122209
1049,9321.500368878449,0.9956558185261151
1050,9321.958065246956,0.9956171274179928
1051,9322.415806999827,0.9968934900651939
1052,9322.873594137061,0.9949864323946476
1053,9323.331426658659,0.9969363476338023
1054,9323.78930456462,0.9982011227781707
1055,9324.247227854945,0.9955478950595718
1056,9324.705196529632,1.0012851018933737
1057,9325.163210588686,0.997682511140835
1058,9325.621270032101,0.9972089495468357
1059,9326.07937485988,0.9976519504117869
1060,9326.537525072024,1.0002158156152867
1061,9326.99572066853,0.9933466879776338
1062,9327.4539616494,0.996347728816458
1063,9327.912248014634,0.9997179417779973
1064,9328.370579764232,0.9946976759348694
1065,9328.828956898195,0.9938317432466497
1066,9329.287379416519,0.9932838846747261
1067,9329.745847319207,1.0017609176489213
1068,9330.20436060626,1.0000061185547504
1069,9330.662919277676,0.9952000887023076
1070,9331.121523333455,0.9985946166100884
1071,9331.580172773598,0.9988550195689372
1072,9332.038867598105,1.0066706411192503
1073,9332.497607806976,0.9909861875132142
1074,9332.95639340021,0.9942081195304202
1075,9333.415224377808,1.0002886270067983
1076,9333.87410073977,0.9998896896760505
1077,9334.333022486095,1.0044492053154084
1078,9334.791989616782,0.9936386537255957
1079,9335.251002131836,1.0002346606688166
1080,9335.710060031251,0.9935945421304488
1081,9336.169163315031,0.9996617171885511
1082,9336.628311983173,1.0024379738323326
1083,9337.087506035681,1.0044053712407726
1084,9337.546745472551,1.0017181035573974
1085,9338.006030293785,1.0044740016562659
1086,9338.465360499384,1.0007352801918705
1087,9338.924736089344,0.9971784772104246
1088,9339.384157063669,0.9935572347062114
1089,9339.843623422359,0.9970398015192965
1090,9340.30313516541,0.9995195971695703
1091,9340.762692292827,1.0025493747085426
1092,9341.222294804606,1.002910958294393
1093,9341.681942700749,1.0018820170557439
1094,9342.141635981256,0.99597697594948
1095,9342.601374646127,0.9976431138868653
1096,9343.06115869536,1.0004424562075775
1097,9343.52098812896,0.9951837799515413
1098,9343.98086294692,0.9978959987144045
1099,9344.440783149244,0.9995352997954496
1100,9344.900748735934,1.0020163565543403
1101,9345.360759706986,1.0020871380267202
1102,9345.820816062402,0.9997301196211039
1103,9346.280917802182,0.9995058686669117
1104,9346.741064926326,1.0052372267945577
1105,9347.201257434832,0.9998961446362311
1106,9347.661495327702,0.9996608056343435
1107,9348.121778604936,1.0004544760542255
1108,9348.582107266535,1.0048929907473494
1109,9349.042481312496,0.9972274189970751
1110,9349.50290074282,0.9980624883543413
1111,9349.963365557509,0.9957844194312491
1112,9350.423875756562,0.9945605412795102
1113,9350.884431339979,0.9990955826606672
1114,9351.345032307758,0.9950375394209444
1115,9351.8056786599,0.9993040027834252
1116,9352.266370396408,0.9977925990120994
1117,9352.72710751728,1.0000570370393436
1118,9353.187890022513,0.9973976001249517
1119,9353.64871791211,1.0003099638809352
1120,9354.109591186072,0.9997019362963661
1121,9354.570509844398,0.9961327505752908
1122,9355.031473887086,0.9970677568994661
1123,9355.492483314138,0.9953102758305292
1124,9355.953538125554,0.9966567771211133
1125,9356.414638321334,0.9984293473989465
1126,9356.875783901478,1.000011608352486
1127,9357.336974865984,1.000684393378883
1128,9357.798211214855,0.999608959908732
1129,9358.25949294809,1.0015259378438848
1130,9358.720820065688,1.0028506269792192
1131,9359.182192567649,1.004666889048801
1132,9359.643610453973,1.0026432171957633
1133,9360.105073724662,0.9990478454387957
1134,9360.566582379715,1.001313720972668
1135,9361.02813641913,1.0024537106207139
1136,9361.489735842912,1.0026746006869507
1137,9361.951380651055,0.9999670673865708
1138,9362.41307084356,1.0015074630044776
1139,9362.874806420432,1.0044699391705736
1140,9363.336587381666,1.0030378545145355
1141,9363.798413727263,1.0048660835813044
1142,9364.260285457225,1.00238489269005
1143,9364.722202571551,1.0014384528910736
1144,9365.184165070239,0.9936823260600807
1145,9365.646172953291,0.998999849249928
1146,9366.108226220707,1.0026928189176174
1147,9366.570324872488,0.9995263091562967
1148,9367.03246890863,1.0073662365335534
1149,9367.494658329138,1.000460557629848
1150,9367.956893134009,1.0019605450328983
1151,9368.419173323244,0.9975436948319523
1152,9368.88149889684,1.0063541609925615
1153,9369.343869854802,1.002365416528562
1154,9369.806286197128,1.0037805888612332
1155,9370.268747923816,1.003594906754612
1156,9370.731255034869,0.998515215691181
1157,9371.193807530286,0.9998538644166373
1158,9371.656405410065,1.0021196228946123
1159,9372.119048674209,0.9987753378638494
1160,9372.581737322715,1.0056774514829976
1161,9373.044471355586,1.0050976598168662
1162,9373.50725077282,1.0040121163750912
1163,9373.970075574418,1.0045001885327653
1164,9374.43294576038,1.0048292639992242
1165,9374.895861330706,1.0031477128221808
1166,9375.358822285394,1.005818966315335
1167,9375.821828624446,1.0064665865292308
1168,9376.284880347863,1.0043972193664699
1169,9376.747977455643,1.0023143729598876
1170,9377.211119947786,1.0024116157133638
1171,9377.674307824293,0.999631304541944
1172,9378.137541085163,1.000368573676218
1173,9378.600819730398,0.9951073345594081
1174,9379.064143759995,0.9959143252077187
1175,9379.527513173958,0.995426510924833
1176,9379.990927972283,0.993291739353791
1177,9380.454388154973,0.9935623389052027
1178,9380.917893722024,0.9969820968553328
1179,9381.381444673441,1.0006356725847474
1180,9381.845041009221,1.0032926276169687
1181,9382.308682729365,0.999557142209827
1182,9382.77236983387,1.0009682047351611
1183,9383.236102322742,1.0060624261373396
1184,9383.699880195976,1.0036628850912077
1185,9384.163703453574,1.0048035356958076
1186,9384.627572095536,1.0064809963373074
1187,9385.09148612186,1.0050301113856823
1188,9385.55544553255,1.002928249865787
1189,9386.019450327603,1.0034697190183377
1190,9386.483500507018,1.0031005626682292
1191,9386.947596070799,0.9976619183152053
1192,9387.411737018941,1.0043949698624457
1193,9387.875923351448,1.0051556148493233
1194,9388.34015506832,1.0050472812687727
1195,9388.804432169554,1.0043508076835592
1196,9389.268754655153,1.0036486846982509
1197,9389.733122525115,1.004741391892371
1198,9390.19753577944,1.0077437460737517
1199,9390.661994418128,1.0081959896418453
1200,9391.126498441181,0.9999884426610665
1201,9391.591047848597,1.0041660875055283
1202,9392.055642640376,1.004035545845753
1203,9392.52028281652,1.0017921719813956
1204,9392.984968377028,1.0002006660808709
1205,9393.449699321898,1.003568630493459
1206,9393.914475651132,1.0005035774313238
1207,9394.37929736473,0.9993153907760892
1208,9394.844164462693,0.9984130923060756
1209,9395.309076945017,1.0087272783719956
1210,9395.774034811708,1.0018298468960425
