Data,Energy,0
0,8866.371181979897,0.009215953728199423
1,8866.781270150947,0.020462065810911784
2,8867.19140370636,0.011205372270028486
3,8867.601582646137,0.001176207215318967
4,8868.011806970277,0.011563587472162379
5,8868.422076678782,0.002538470901297947
6,8868.83239177165,0.004729477738559619
7,8869.24275224888,-0.0031551343370295375
8,8869.653158110475,0.00602121909839604
9,8870.063609356434,0.007441105637287413
10,8870.474105986756,0.009818145435760667
11,8870.884648001442,0.013464147284269017
12,8871.295235400492,0.006118089808241928
13,8871.705868183904,0.010940858065443171
14,8872.116546351683,0.008848870093118947
15,8872.527269903821,0.003982004035659585
16,8872.938038840326,0.0026992463388164187
17,8873.348853161195,0.006564845448301482
18,8873.759712866426,0.009500526462003485
19,8874.17061795602,0.011304411211253945
20,8874.58156842998,0.007115955302558107
21,8874.9925642883,0.008791943402347797
22,8875.403605530988,0.003689837012407236
23,8875.814692158037,0.0028266117844402794
24,8876.22582416945,0.006104876971849136
25,8876.637001565226,0.0031256447918723866
26,8877.048224345368,0.00430737608103779
27,8877.459492509872,0.0014599800000358208
28,8877.87080605874,0.006615643710274292
29,8878.282164991972,0.0030585084828030798
30,8878.693569309566,0.007150277254178032
31,8879.105019011526,0.0025868914728676825
32,8879.516514097848,0.003101059628874383
33,8879.928054568534,0.005127449854256983
34,8880.339640423583,0.007015272588948909
35,8880.751271662995,0.003822170419886937
36,8881.162948286774,0.009413324864322746
37,8881.574670294915,-0.007882796011544334
38,8881.986437687417,-0.004495363692380272
39,8882.398250464286,-0.001464316834417271
40,8882.810108625517,0.003537090842362497
41,8883.222012171113,0.0011605019501974433
42,8883.633961101072,0.005498690534578391
43,8884.045955415393,-0.0012935200738428657
44,8884.457995114079,0.000779537626284211
45,8884.870080197128,-0.004316065056657364
46,8885.282210664542,0.0030267616159709017
47,8885.69438651632,0.0012319725584521584
48,8886.10660775246,0.0057387912261286185
49,8886.518874372963,0.0032968218951937673
50,8886.931186377831,0.001766097665045264
51,8887.343543767063,0.003108093505404858
52,8887.75594654066,0.007693604900880974
53,8888.168394698618,0.008687924455066835
54,8888.58088824094,-0.0015514894413179484
55,8888.993427167627,-0.007221361177554493
56,8889.406011478675,-0.01180427096404199
57,8889.818641174088,-0.009090172733031737
58,8890.231316253865,-0.005507288417655512
59,8890.644036718006,0.007048819603747914
60,8891.05680256651,0.00035540401366989695
61,8891.469613799378,-0.00706906513848702
62,8891.882470416609,-0.002302885369425115
63,8892.295372418204,-0.0025759905577213563
64,8892.708319804164,-0.004136754343686185
65,8893.121312574487,-0.0006977858087235188
66,8893.534350729173,-0.0077921158526661075
67,8893.947434268222,-0.008629542485379216
68,8894.360563191636,-0.0002023241298104619
69,8894.773737499412,0.0013545886617710274
70,8895.186957191552,-0.0014006478157005025
71,8895.600222268058,8.154943276377944e-05
72,8896.013532728924,-0.0022308654941064696
73,8896.426888574157,-0.01115116778668695
74,8896.840289803751,-0.007812323825570046
75,8897.253736417711,-0.006364285258962739
76,8897.667228416034,-0.004684653921972511
77,8898.080765798719,-0.003443850598581047
78,8898.49434856577,-0.015893896343810582
79,8898.907976717182,-0.009770518497092302
80,8899.32165025296,-0.00587966587434157
81,8899.7353691731,-0.009752863332558334
82,8900.149133477604,-0.011510556906183758
83,8900.562943166473,-0.003338137572693265
84,8900.976798239704,-0.006229926072936577
85,8901.3906986973,-0.006802106684179378
86,8901.804644539257,-0.0068486800399852246
87,8902.218635765581,-0.011366063358633919
88,8902.632672376267,-0.007797594622856599
89,8903.046754371317,-0.009608782148801068
90,8903.46088175073,-0.0037872343834945794
91,8903.875054514507,-0.007140307999387391
92,8904.289272662647,0.002983944681628745
93,8904.703536195151,-0.005678164914822456
94,8905.11784511202,-0.002074778394987435
95,8905.532199413252,0.00016606117642973574
96,8905.946599098846,-0.0014978741862719499
97,8906.361044168805,0.003267395352956255
98,8906.775534623128,-0.0062402095857210255
99,8907.190070461815,-0.009439911905961437
100,8907.604651684864,-0.001910326479130131
101,8908.019278292277,0.00035953091114396935
102,8908.433950284054,0.005353818371921372
103,8908.848667660195,0.00047086826919656363
104,8909.2634304207,0.00112878653869176
105,8909.678238565568,-0.002904026483938036
106,8910.0930920948,-0.003477021337120823
107,8910.507991008395,-0.004702971450648139
108,8910.922935306353,0.0011710285029744528
109,8911.337924988677,0.003854041694064695
110,8911.752960055363,0.0024660781501986816
111,8912.168040506413,-0.004801335174505543
112,8912.583166341825,0.003080567084380822
113,8912.998337561603,-0.001047741267835462
114,8913.413554165743,0.005800483940748419
115,8913.828816154248,-0.004901674858831308
116,8914.244123527116,-0.0006595284312838905
117,8914.659476284347,-0.002497930887567127
118,8915.074874425942,0.0014699611006424875
119,8915.4903179519,0.00022041153985565757
120,8915.905806862223,-0.00023582105355863777
121,8916.32134115691,-0.008770229256848259
122,8916.73692083596,-0.00598311773438969
123,8917.152545899373,0.0025282846873928575
124,8917.56821634715,-0.002334219901745281
125,8917.983932179292,-0.00020454700343625065
126,8918.399693395795,-0.010147509290706808
127,8918.815499996665,-0.009493660449582235
128,8919.231351981896,-0.0075375127800304375
129,8919.64724935149,-0.003374968142932649
130,8920.06319210545,-0.0029410858944885097
131,8920.479180243772,-0.009399934889646794
132,8920.895213766458,-0.005867367316521619
133,8921.311292673508,-0.011302929426507825
134,8921.727416964923,-0.00966220155077512
135,8922.1435866407,-0.005523846145190194
136,8922.55980170084,-0.0016323521769876675
137,8922.976062145344,0.003922805989504868
138,8923.392367974213,0.00120639974859748
139,8923.808719187444,-0.012282015263356797
140,8924.225115785039,-0.0026160352788332183
141,8924.641557766998,-0.005073142786860113
142,8925.05804513332,-0.004044693209765988
143,8925.474577884008,-0.0015868976224230245
144,8925.891156019057,-0.0006681102341401401
145,8926.30777953847,-0.003661845904005802
146,8926.724448442248,-0.006982510306169648
147,8927.14116273039,-0.002249977858837594
148,8927.557922402893,-0.007366721290688039
149,8927.974727459761,-0.00489419142655001
150,8928.391577900993,-0.00758759102124049
151,8928.808473726589,0.001927441986825768
152,8929.225414936547,0.00014111915052713133
153,8929.642401530871,0.0016624681882381864
154,8930.059433509557,-0.007554190810879968
155,8930.476510872606,-0.006575309415198988
156,8930.89363362002,-0.002460962669057262
157,8931.310801751797,-0.004605062873037838
158,8931.728015267938,-0.004222467667294567
159,8932.145274168442,-0.008686339006806158
160,8932.562578453311,-0.00038951016268722223
161,8932.979928122542,-0.010467918136430183
162,8933.397323176137,-0.001705027149914966
163,8933.814763614097,0.003661824820422771
164,8934.23224943642,0.0016542513909206255
165,8934.649780643105,0.0009565348020194718
166,8935.067357234157,0.0025097203368464787
167,8935.48497920957,-0.00015115405280959494
168,8935.902646569346,0.004282208969641351
169,8936.320359313488,-0.006167804245006956
170,8936.738117441992,-0.008329877830925274
171,8937.15592095486,-0.004756294309291635
172,8937.573769852092,0.004327743431776638
173,8937.991664133688,-0.0006445379055342179
174,8938.409603799646,-0.011150705578155933
175,8938.82758884997,-0.005595347768325768
176,8939.245619284657,0.01015898567281879
177,8939.663695103705,0.003246033501079257
178,8940.08181630712,-0.0013253874132873665
179,8940.499982894897,0.0037333770087129223
180,8940.918194867038,0.00036557599116253956
181,8941.336452223542,-0.0032859254410143295
182,8941.75475496441,0.0023068622130175682
183,8942.173103089643,0.0023894551772838503
184,8942.591496599238,0.0007537698229116386
185,8943.009935493197,-0.006607329382873272
186,8943.428419771519,-0.0007478523980210964
187,8943.846949434206,-0.0019894786752825133
188,8944.265524481256,-0.009866237271599422
189,8944.68414491267,-0.0036630523617837535
190,8945.102810728447,-0.00578566583480121
191,8945.521521928587,-0.005350474446065615
192,8945.940278513091,0.0008146166172357237
193,8946.35908048196,-0.0012132632626077403
194,8946.777927835192,-0.0012158022835717132
195,8947.196820572788,-0.007305063941897941
196,8947.615758694747,-0.0033600028203441866
197,8948.03474220107,0.0010005070648465772
198,8948.453771091756,-0.0027837758255493204
199,8948.872845366806,-0.0030194275546045566
200,8949.29196502622,-0.017459055548830964
201,8949.711130069998,-0.007612282710694919
202,8950.130340498139,-0.0021852409762004345
203,8950.549596310642,0.006756857490716522
204,8950.968897507511,-0.00414764840815024
205,8951.388244088743,-0.003784466779606418
206,8951.807636054338,0.0079684998304971
207,8952.227073404298,0.005020980058307945
208,8952.646556138621,0.005167661310896554
209,8953.066084257307,0.00016826830550562
210,8953.485657760357,-0.001387270194528801
211,8953.90527664777,-0.0029558428378502256
212,8954.324940919549,-0.002408402047756949
213,8954.744650575689,0.005199148071213511
214,8955.164405616193,0.01128786631610415
215,8955.584206041061,0.0030681099659215583
216,8956.004051850294,0.0014286768267296117
217,8956.42394304389,0.006354343594147187
218,8956.843879621849,-0.007042252240260511
219,8957.263861584172,0.004553225939161866
220,8957.683888930858,0.007180840185231668
221,8958.103961661907,0.010730121379440903
222,8958.524079777322,0.0014843174792450572
223,8958.9442432771,0.0015215409266917403
224,8959.36445216124,0.008393010533789772
225,8959.784706429744,0.003885541937272528
226,8960.205006082613,0.01532506261801948
227,8960.625351119845,0.0052074890003277145
228,8961.04574154144,0.004541723022713467
229,8961.4661773474,0.008433693840584105
230,8961.886658537722,0.004281480067809162
231,8962.30718511241,0.007887711462633435
232,8962.72775707146,0.002247650007110285
233,8963.148374414874,0.0050666563763621005
234,8963.56903714265,0.007434203189181035
235,8963.989745254792,0.009491129956839005
236,8964.410498751296,0.0068673849011581835
237,8964.831297632165,0.005770538165761633
238,8965.252141897396,0.0003135870505974409
239,8965.673031546992,0.005973482909277636
240,8966.093966580951,0.007895912197039402
241,8966.514946999274,0.003098616570754764
242,8966.93597280196,0.003981292958501187
243,8967.35704398901,0.004218445198261016
244,8967.778160560425,0.016560007596541092
245,8968.199322516202,0.01466845464329701
246,8968.620529856344,0.016387262688993452
247,8969.041782580847,0.006089262247134872
248,8969.463080689717,0.010962820348093094
249,8969.884424182948,0.01055238324363451
250,8970.305813060544,0.011087354601348996
251,8970.727247322504,0.022775634995389968
252,8971.148726968826,0.011148557136889312
253,8971.570251999512,0.015266696072161308
254,8971.991822414562,0.017112679069949576
255,8972.413438213976,0.012753437812865543
256,8972.835099397755,0.019373776123139903
257,8973.256805965895,0.026823904848262956
258,8973.6785579184,0.02715919159413228
259,8974.100355255268,0.02767051507332219
260,8974.522197976501,0.033141713721853386
261,8974.944086082096,0.028663735155407825
262,8975.366019572055,0.0418570904889575
263,8975.787998446378,0.040819042199317916
264,8976.210022705065,0.041799708958695156
265,8976.632092348114,0.04502898061034309
266,8977.05420737553,0.05641049771338936
267,8977.476367787307,0.056599562201784234
268,8977.898573583447,0.06195261150120927
269,8978.320824763952,0.09225484637247583
270,8978.74312132882,0.13215534386754207
271,8979.165463278052,0.16431599899156207
272,8979.587850611648,0.19275464488443705
273,8980.010283329608,0.2169812278686855
274,8980.43276143193,0.23633528750347788
275,8980.855284918618,0.24955747252580157
276,8981.277853789667,0.2620180130981937
277,8981.700468045081,0.27409861818326603
278,8982.12312768486,0.2863981366000114
279,8982.545832709,0.2946067646295887
280,8982.968583117505,0.31362224207527845
281,8983.391378910374,0.3439651851507145
282,8983.814220087605,0.37236218772686724
283,8984.237106649201,0.40992773338021826
284,8984.66003859516,0.457901739669491
285,8985.083015925484,0.4976689723551805
286,8985.50603864017,0.5383178585166317
287,8985.92910673922,0.5888533501175576
288,8986.352220222634,0.6422967645684672
289,8986.775379090412,0.6934226601832543
290,8987.198583342553,0.7366569618687219
291,8987.621832979057,0.785477660138546
292,8988.045127999927,0.8348879534764773
293,8988.468468405159,0.8866856119258197
294,8988.891854194753,0.9446256906978041
295,8989.315285368713,0.9966735258314963
296,8989.738761927036,1.0574329314549866
297,8990.162283869724,1.1125421516128577
298,8990.585851196773,1.1790608605681447
299,8991.009463908187,1.228997286251744
300,8991.433122003966,1.267053297311823
301,8991.856825484107,1.3109103716700274
302,8992.280574348611,1.3356457717912602
303,8992.704368597479,1.3594339300203306
304,8993.128208230712,1.3699599600949706
305,8993.552093248307,1.3750634944411675
306,8993.976023650266,1.3736665289994732
307,8994.39999943659,1.3619048374674048
308,8994.824020607277,1.348099010395483
309,8995.248087162327,1.3425757747418237
310,8995.67219910174,1.32575084662216
311,8996.096356425518,1.3028124991552454
312,8996.52055913366,1.2971691431933627
313,8996.944807226164,1.2739190647547383
314,8997.369100703034,1.244484019609736
315,8997.793439564266,1.2237233311402553
316,8998.21782380986,1.2130126754801185
317,8998.64225343982,1.2001496988160651
318,8999.066728454143,1.174344702011901
319,8999.49124885283,1.1553562285087071
320,8999.91581463588,1.1387121745298132
321,9000.340425803295,1.109037702706556
322,9000.765082355072,1.0883210217248096
323,9001.189784291213,1.0700355237928125
324,9001.614531611718,1.0546730269670603
325,9002.039324316587,1.0464795603787365
326,9002.464162405819,1.0263920399371835
327,9002.889045879416,1.0236448367052629
328,9003.313974737375,1.0181240704407521
329,9003.738948979697,0.9990485029863866
330,9004.163968606385,0.9910742829801187
331,9004.589033617434,0.9868846937758874
332,9005.014144012848,0.9798497879680832
333,9005.439299792626,0.9750361096356295
334,9005.864500956768,0.9763223337943756
335,9006.289747505272,0.967079567725877
336,9006.71503943814,0.961988887222051
337,9007.140376755373,0.9584610376092644
338,9007.56575945697,0.950732892648904
339,9007.991187542928,0.9514999537084883
340,9008.416661013252,0.939676470176426
341,9008.84217986794,0.9411011265161122
342,9009.26774410699,0.9339480774086989
343,9009.693353730403,0.9283584021986081
344,9010.11900873818,0.9263656407290548
345,9010.544709130321,0.9289602462699635
346,9010.970454906826,0.9254603923002422
347,9011.396246067696,0.9290326393821331
348,9011.822082612927,0.9139267947448579
349,9012.247964542525,0.9057619129973337
350,9012.673891856484,0.9099941457484937
351,9013.099864554806,0.9061273280217544
352,9013.525882637494,0.9066214140083073
353,9013.951946104544,0.8946166570114367
354,9014.378054955958,0.8938210685876478
355,9014.804209191736,0.8924048214730829
356,9015.230408811876,0.8890199516561081
357,9015.656653816382,0.8879500694083103
358,9016.08294420525,0.8795363276402743
359,9016.509279978483,0.8794974990361056
360,9016.935661136078,0.8811389966584455
361,9017.362087678039,0.8748323518257441
362,9017.788559604362,0.8754262167493924
363,9018.215076915048,0.8640179089050443
364,9018.6416396101,0.8602108292113508
365,9019.068247689513,0.8723587249434468
366,9019.49490115329,0.8766668779602093
367,9019.921600001431,0.8705839736472157
368,9020.348344233937,0.8605953553748107
369,9020.775133850806,0.8689460202892698
370,9021.201968852038,0.865534381572824
371,9021.628849237633,0.8694616005370199
372,9022.055775007593,0.861787134328502
373,9022.482746161917,0.8651996756373974
374,9022.909762700603,0.8777063465437129
375,9023.336824623653,0.8709558581547803
376,9023.763931931067,0.8725876057814066
377,9024.191084622846,0.878557644292943
378,9024.618282698988,0.8805559570265802
379,9025.045526159493,0.8931833204655215
380,9025.472815004361,0.8890740445414924
381,9025.900149233594,0.8948972574980243
382,9026.327528847189,0.8952509856871913
383,9026.75495384515,0.9041256260288169
384,9027.182424227472,0.9088561146497118
385,9027.60993999416,0.9110056094805519
386,9028.037501145209,0.9144747805417079
387,9028.465107680624,0.9201145696780888
388,9028.892759600401,0.935360833765796
389,9029.320456904543,0.9353225927988118
390,9029.748199593048,0.9378681464448417
391,9030.175987665916,0.9467506080759849
392,9030.60382112315,0.9481713404252275
393,9031.031699964746,0.9514506994032563
394,9031.459624190706,0.955982086309999
395,9031.887593801028,0.9603988258118937
396,9032.315608795716,0.9764562701465688
397,9032.743669174766,0.9761615466002833
398,9033.17177493818,0.9776514972068497
399,9033.599926085957,0.9880140407403026
400,9034.0281226181,0.9913841380437622
401,9034.456364534604,0.9912683506327138
402,9034.884651835473,1.0001526185191127
403,9035.312984520706,1.0074113864433447
404,9035.741362590301,1.0074505660356925
405,9036.169786044262,1.015883288946482
406,9036.598254882585,1.0128409621675067
407,9037.02676910527,1.0217201379992706
408,9037.455328712322,1.0297275905003453
409,9037.883933703735,1.0308650859559871
410,9038.312584079515,1.0334741677090875
411,9038.741279839656,1.0401134722965277
412,9039.17002098416,1.0334121885971663
413,9039.59880751303,1.040177589236309
414,9040.027639426262,1.0373140158730831
415,9040.456516723858,1.039778267234613
416,9040.885439405818,1.0410860258526544
417,9041.31440747214,1.0426149970134828
418,9041.743420922829,1.0445854719601342
419,9042.172479757879,1.0413994787883358
420,9042.601583977292,1.0417064612565925
421,9043.03073358107,1.042020543328104
422,9043.459928569213,1.0468067315717229
423,9043.889168941718,1.0507456935935262
424,9044.318454698587,1.0520349876671706
425,9044.747785839818,1.0523770461845117
426,9045.177162365415,1.044682860332092
427,9045.606584275374,1.0509385013059886
428,9046.036051569698,1.054345784089573
429,9046.465564248385,1.060905808611753
430,9046.895122311435,1.051748594544664
431,9047.32472575885,1.0549112700562375
432,9047.754374590628,1.0581389637881966
433,9048.18406880677,1.060258695349478
434,9048.613808407274,1.0473739567206826
435,9049.043593392144,1.0508785115308652
436,9049.473423761376,1.0461991147961296
437,9049.903299514972,1.045106230368385
438,9050.333220652932,1.0437541107393504
439,9050.763187175255,1.0439959865607715
440,9051.193199081941,1.042309736189314
441,9051.623256372992,1.0524298728299653
442,9052.053359048406,1.0476072526241806
443,9052.483507108185,1.0514470727033474
444,9052.913700552326,1.0460368956114707
445,9053.343939380831,1.0580270704144028
446,9053.7742235937,1.0553341026649972
447,9054.204553190933,1.050155640776736
448,9054.634928172529,1.0429773411890872
449,9055.065348538488,1.0461238465733338
450,9055.495814288812,1.045477864089538
451,9055.9263254235,1.049639903728429
452,9056.356881942549,1.0504563713027246
453,9056.787483845965,1.0432771929928024
454,9057.218131133743,1.0441116236313743
455,9057.648823805885,1.0468237235666065
456,9058.079561862389,1.0366658063098906
457,9058.510345303257,1.0465947323357914
458,9058.941174128491,1.0394322981635078
459,9059.372048338086,1.0415607043487864
460,9059.802967932046,1.033994509222513
461,9060.23393291037,1.0369667393131599
462,9060.664943273057,1.0309500944276881
463,9061.095999020108,1.0371119186457638
464,9061.527100151521,1.0401012305505675
465,9061.9582466673,1.0396325890634217
466,9062.389438567441,1.0353149577864784
467,9062.820675851946,1.0323660311327005
468,9063.251958520816,1.0328187369593946
469,9063.683286574049,1.024116448115877
470,9064.114660011644,1.0246835533859866
471,9064.546078833604,1.0243614975857125
472,9064.977543039928,1.025466215845229
473,9065.409052630615,1.0301006676227495
474,9065.840607605665,1.0177230095210348
475,9066.27220796508,1.0234134290469348
476,9066.703853708857,1.021097486889337
477,9067.135544837,1.0246011894979616
478,9067.567281349506,1.0215118150345683
479,9067.999063246374,1.01856269179059
480,9068.430890527607,1.014917966857392
481,9068.862763193203,1.0200619211869433
482,9069.294681243162,1.0165713474030422
483,9069.726644677487,1.0111290572052245
484,9070.158653496173,1.0056496271067035
485,9070.590707699224,1.0055359872469434
486,9071.02280728664,1.00599758586158
487,9071.454952258417,1.0096507631768823
488,9071.887142614558,0.9995125131257239
489,9072.319378355063,1.0040571639529006
490,9072.751659479933,1.0026112792971609
491,9073.183985989166,1.0000561083221633
492,9073.616357882762,1.0014255861288035
493,9074.048775160722,1.0019546245583997
494,9074.481237823045,0.9981459137717845
495,9074.913745869731,1.006507667182114
496,9075.346299300783,0.9965952974124339
497,9075.778898116198,0.9896071174157157
498,9076.211542315976,0.9867352244182569
499,9076.644231900116,0.9891956826575562
500,9077.076966868623,0.9863287996443671
501,9077.509747221491,0.9882770448862931
502,9077.942572958724,0.9881384851156508
503,9078.37544408032,0.9931817556271181
504,9078.80836058628,0.9868626575089857
505,9079.241322476604,0.985045622452588
506,9079.674329751291,0.9810415143698857
507,9080.107382410342,0.9808353114854281
508,9080.540480453756,0.9830520915318655
509,9080.973623881535,0.9825101236478514
510,9081.406812693676,0.9793657181147993
511,9081.840046890182,0.9802645468676525
512,9082.273326471051,0.9757725273694573
513,9082.706651436283,0.9783947731591318
514,9083.140021785879,0.9792122183178262
515,9083.573437519839,0.9812165964086215
516,9084.006898638163,0.9761904382339928
517,9084.440405140851,0.9747578723709214
518,9084.873957027901,0.9737840685884043
519,9085.307554299316,0.9757601625003743
520,9085.741196955094,0.9774116730576455
521,9086.174884995236,0.9792773040582878
522,9086.608618419741,0.9724786394085905
523,9087.04239722861,0.9772490353287635
524,9087.476221421843,0.9799985776432484
525,9087.91009099944,0.9786879702341343
526,9088.344005961399,0.9751336734094986
527,9088.777966307724,0.9758479072619708
528,9089.21197203841,0.9786254579121331
529,9089.64602315346,0.979674499731847
530,9090.080119652876,0.9745836495135758
531,9090.514261536653,0.9732792137438634
532,9090.948448804795,0.9729433977504978
533,9091.3826814573,0.9777527770322483
534,9091.81695949417,0.9742436282812093
535,9092.251282915402,0.9785159789169482
536,9092.685651720998,0.9814980980525723
537,9093.120065910958,0.9798389325246444
538,9093.554525485282,0.9804850006553794
539,9093.98903044397,0.9780663794649502
540,9094.423580787021,0.9798684651568879
541,9094.858176514435,0.9756510641065516
542,9095.292817626214,0.9804043364434516
543,9095.727504122355,0.9833208325111598
544,9096.162236002861,0.981260368875412
545,9096.59701326773,0.9790092820008994
546,9097.031835916963,0.9900879234679687
547,9097.466703950558,0.9831030373786609
548,9097.90161736852,0.9896616395098674
549,9098.336576170843,0.990885353167362
550,9098.77158035753,0.9882199320383486
551,9099.206629928582,0.9869067580112749
552,9099.641724883995,0.987579097910048
553,9100.076865223773,0.9948091871172714
554,9100.512050947915,0.9957629497904871
555,9100.94728205642,0.9909253399904572
556,9101.38255854929,0.9910552276691635
557,9101.817880426523,0.9930407704283052
558,9102.253247688119,0.9857929983479544
559,9102.688660334079,0.9894483013950318
560,9103.124118364403,0.9929502979091638
561,9103.55962177909,0.9965390719389144
562,9103.995170578142,0.9912825851265664
563,9104.430764761557,0.985142091399045
564,9104.866404329334,0.991181906576022
565,9105.302089281477,0.990018677875856
566,9105.737819617982,0.9950406345061816
567,9106.17359533885,0.9945794773268355
568,9106.609416444084,0.9928475079344552
569,9107.045282933681,0.9988748786021501
570,9107.48119480764,1.001718100046717
571,9107.917152065964,0.9948115580618826
572,9108.353154708651,1.0002073905977453
573,9108.789202735703,0.994830179638392
574,9109.225296147117,0.9930301913030666
575,9109.661434942895,1.0002781084522063
576,9110.097619123037,1.0036316850304894
577,9110.533848687543,0.9978282331104578
578,9110.970123636413,0.9975314963473415
579,9111.406443969645,1.0003553286700781
580,9111.842809687241,1.0030207023038917
581,9112.279220789202,1.0009840146034468
582,9112.715677275524,1.0017307467199958
583,9113.152179146213,1.003166446162222
584,9113.588726401264,1.0012626859785656
585,9114.025319040678,1.00739212924351
586,9114.461957064457,1.0076028928047511
587,9114.898640472598,1.0057130133223176
588,9115.335369265104,1.011045139061184
589,9115.772143441973,1.0044345429420973
590,9116.208963003206,1.0031061992307415
591,9116.645827948803,1.0122731278087964
592,9117.082738278763,1.0034188901644954
593,9117.519693993087,1.0054604199003299
594,9117.956695091774,1.0060737305878387
595,9118.393741574824,1.0102617541118337
596,9118.83083344224,1.00419549964865
597,9119.267970694018,1.003018718512442
598,9119.70515333016,1.0078155683337986
599,9120.142381350666,1.0122442343591076
600,9120.579654755535,1.0089864342280979
601,9121.016973544767,1.0089010496253237
602,9121.454337718364,1.013612687484056
603,9121.891747276324,1.0151502554760434
604,9122.329202218649,1.009050089876183
605,9122.766702545336,1.0048919368873974
606,9123.204248256387,1.0119410873694477
607,9123.641839351802,1.0132085091080605
608,9124.07947583158,1.0119144774022395
609,9124.517157695722,1.0092239732127177
610,9124.954884944227,1.0090287874422912
611,9125.392657577097,1.0143630463343642
612,9125.83047559433,1.018330281156481
613,9126.268338995926,1.0155525055434067
614,9126.706247781887,1.0050414851654565
615,9127.144201952211,1.0054659256519005
616,9127.582201506897,1.0119211641488415
617,9128.020246445949,1.0089562168348396
618,9128.458336769363,1.0106227350411094
619,9128.896472477141,1.0145405052453942
620,9129.334653569284,1.011516613089182
621,9129.77288004579,1.0134395031588133
622,9130.211151906658,1.0068297292144388
623,9130.649469151893,1.0129065909139667
624,9131.087831781488,1.016231446839137
625,9131.526239795448,1.0087799248469804
626,9131.964693193773,1.0102481193972181
627,9132.40319197646,1.0079915066844878
628,9132.841736143511,1.0133718228642468
629,9133.280325694926,1.0091883315425507
630,9133.718960630704,1.008232641101435
631,9134.157640950847,1.0167236369841492
632,9134.596366655353,1.0128705444272743
633,9135.035137744222,1.012818021392475
634,9135.473954217454,1.0158032662246208
635,9135.912816075052,1.0080295260184005
636,9136.351723317011,1.0173894629382634
637,9136.790675943335,1.0122418937000197
638,9137.229673954023,1.0160059398648071
639,9137.668717349074,1.0195792011782796
640,9138.107806128488,1.0152720906885364
641,9138.546940292268,1.01453134299102
642,9138.986119840409,1.0137548071447298
643,9139.425344772915,1.0148518527905916
644,9139.864615089784,1.0263721116926816
645,9140.303930791017,1.0220239481274582
646,9140.743291876614,1.024066441353136
647,9141.182698346574,1.0181301193192986
648,9141.622150200898,1.0131606729881089
649,9142.061647439587,1.0159467345441864
650,9142.501190062638,1.0143506614489088
651,9142.940778070051,1.0130317589976805
652,9143.38041146183,1.0137204419467976
653,9143.820090237972,1.0116613551372131
654,9144.259814398478,1.0139516956374832
655,9144.699583943348,1.0193814123769953
656,9145.139398872581,1.0130683322401992
657,9145.579259186177,1.0154983468574943
658,9146.019164884137,1.0160702504270225
659,9146.459115966461,1.0099842170397042
660,9146.89911243315,1.0189498255828444
661,9147.3391542842,1.0140602410468373
662,9147.779241519615,1.0070471537441192
663,9148.219374139393,1.0101377708735937
664,9148.659552143536,1.0146650713026437
665,9149.099775532042,1.0089270749675157
666,9149.540044304911,1.0055121369552045
667,9149.980358462144,1.0093854897617394
668,9150.420718003741,1.013918215141476
669,9150.8611229297,1.013785933424614
670,9151.301573240025,1.0081753264078306
671,9151.742068934713,1.0057956113329354
672,9152.182610013764,1.008022412512341
673,9152.62319647718,1.0064887111268135
674,9153.063828324957,1.0031435981648613
675,9153.504505557099,1.0104026898747032
676,9153.945228173605,1.0115430242050378
677,9154.385996174475,1.0042801863733783
678,9154.826809559709,1.0029133015715532
679,9155.267668329305,1.006430917083498
680,9155.708572483265,1.0059809380339488
681,9156.14952202159,1.0056208848319312
682,9156.590516944276,1.0082846596902728
683,9157.031557251328,1.0059334595816072
684,9157.472642942743,1.0050483828197638
685,9157.913774018522,1.005368754220598
686,9158.354950478664,1.0067334304054134
687,9158.79617232317,1.0048613970575582
688,9159.237439552038,1.0071520120169872
689,9159.678752165271,1.0088955955283492
690,9160.120110162869,1.006926233057627
691,9160.56151354483,1.0099348813412505
692,9161.002962311153,1.0037758023754897
693,9161.44445646184,1.0075993910125147
694,9161.885995996892,1.0070832678848631
695,9162.327580916308,1.0047475547060438
696,9162.769211220086,1.0020964936641676
697,9163.210886908228,1.0070552083190583
698,9163.652607980734,1.0003243525885055
699,9164.094374437604,1.003696552781239
700,9164.536186278836,1.0026662627992975
701,9164.978043504434,1.0029475363861775
702,9165.419946114394,1.0027651810519085
703,9165.861894108717,1.0022947815409662
704,9166.303887487406,0.9963737637710113
705,9166.745926250456,1.0024512380901336
706,9167.188010397871,0.9980095430894202
707,9167.63013992965,1.003638806051381
708,9168.072314845793,0.9967557096218603
709,9168.514535146298,0.9972550084016312
710,9168.956800831167,0.9992044318983435
711,9169.3991119004,0.99240839486379
712,9169.841468353998,0.9936906778967263
713,9170.283870191959,0.9916625581509984
714,9170.726317414283,0.9933469205436525
715,9171.16881002097,0.9969316940720205
716,9171.611348012022,0.9953685790162184
717,9172.053931387436,0.9934057184502221
718,9172.496560147216,0.9911048263605744
719,9172.939234291358,0.9971837930884196
720,9173.381953819864,0.9899172891050436
721,9173.824718732732,0.9932802627356262
722,9174.267529029967,0.9934757146434356
723,9174.710384711563,0.9967318657631932
724,9175.153285777524,0.9906120225748043
725,9175.596232227848,0.9920283879159675
726,9176.039224062535,0.9856559136355734
727,9176.482261281586,0.9992246258155815
728,9176.925343885001,0.9971146768604686
729,9177.36847187278,0.9865868731323146
730,9177.811645244923,0.9968580064331194
731,9178.254864001428,0.9943615145104479
732,9178.698128142298,0.9916885216371986
733,9179.141437667531,0.9915443188443751
734,9179.584792577129,0.9916717197715771
735,9180.028192871088,0.9876458736075392
736,9180.471638549414,0.9895833291284457
737,9180.9151296121,0.9916109624681679
738,9181.358666059152,1.0003300769511871
739,9181.802247890568,1.0059093444974465
740,9182.245875106346,1.0000141370209565
741,9182.689547706488,0.9942588330832873
742,9183.133265690994,0.9955718214505045
743,9183.577029059863,0.9997240787427211
744,9184.020837813097,0.9965635900532666
745,9184.464691950694,1.002124358815293
746,9184.908591472655,1.0007209407580788
747,9185.35253637898,0.9951166454328428
748,9185.796526669666,0.9944226134317321
749,9186.240562344718,0.9969546710530806
750,9186.684643404133,0.9909009065444698
751,9187.128769847912,0.9949903776466775
752,9187.572941676055,0.9896682416281041
753,9188.01715888856,0.996688590755995
754,9188.46142148543,0.9978374412473366
755,9188.905729466664,0.9921054627750208
756,9189.35008283226,0.9986023973565008
757,9189.794481582221,0.995934604521732
758,9190.238925716545,0.9930107838115863
759,9190.683415235233,0.9908598210535013
760,9191.127950138283,0.9890474934889173
761,9191.5725304257,0.9977921533261414
762,9192.017156097478,0.9897667977280074
763,9192.46182715362,0.9915730386648014
764,9192.906543594127,0.9933256881796504
765,9193.351305418995,0.9908555513564141
766,9193.79611262823,0.9974586001460396
767,9194.240965221827,0.9982109279352875
768,9194.685863199787,0.9902759207600473
769,9195.13080656211,0.9926174769898206
770,9195.5757953088,0.9922143632696294
771,9196.02082943985,0.9889235914224043
772,9196.465908955266,0.9841557578264952
773,9196.911033855044,0.9915600538489046
774,9197.356204139187,0.989353004226087
775,9197.801419807693,0.9890792768045148
776,9198.246680860562,0.9897838202453229
777,9198.691987297796,0.989968933638834
778,9199.137339119392,0.9914925800529728
779,9199.582736325354,0.989812295350193
780,9200.028178915678,0.9925304835716289
781,9200.473666890366,0.9921716516524206
782,9200.919200249416,0.9909533206274141
783,9201.364778992833,0.9887120904810915
784,9201.810403120611,0.9896092888480829
785,9202.256072632754,0.990859392999992
786,9202.70178752926,0.9910438495391836
787,9203.14754781013,0.9854703582738535
788,9203.593353475362,0.9929341691038227
789,9204.03920452496,0.9957564812086108
790,9204.48510095892,0.9948395349643044
791,9204.931042777245,0.9902987945982935
792,9205.377029979933,0.9919972996398365
793,9205.823062566984,0.991219624964758
794,9206.2691405384,1.0011965892300863
795,9206.715263894179,0.9934975318770171
796,9207.16143263432,0.9974984403369411
797,9207.607646758826,0.9969499247879738
798,9208.053906267696,1.0005448511825257
799,9208.50021116093,0.9943652630040267
800,9208.946561438526,0.9942205345404361
801,9209.392957100488,0.9949673205810958
802,9209.839398146813,0.9936993976311748
803,9210.2858845775,0.9977379463041356
804,9210.732416392551,0.9970776481230917
805,9211.178993591966,1.0010555741071592
806,9211.625616175746,0.9906380752010746
807,9212.072284143887,0.9953209539838356
808,9212.518997496394,1.00602960398848
809,9212.965756233265,1.0044370132109002
810,9213.412560354498,0.9925602812705956
811,9213.859409860095,0.9961538920895512
812,9214.306304750055,0.9964149529643854
813,9214.75324502438,1.0010651955494458
814,9215.200230683067,1.002208924865553
815,9215.647261726119,0.9980125768928321
816,9216.094338153534,0.9999757194513268
817,9216.541459965314,0.9999338336589676
818,9216.988627161456,0.9959511509956767
819,9217.435839741962,0.998943306567999
820,9217.883097706832,0.9980416832184694
821,9218.330401056066,1.0028847811860633
822,9218.777749789662,1.0007432360363349
823,9219.225143907623,0.9925198213057143
824,9219.672583409947,0.999133229362863
825,9220.120068296636,1.0005408069376245
826,9220.567598567688,0.9985495492680359
827,9221.015174223103,0.9941580371596548
828,9221.462795262882,0.9978552128192593
829,9221.910461687025,1.002677728591678
830,9222.35817349553,1.0011538831876474
831,9222.8059306884,1.0016236919525112
832,9223.253733265634,0.9957441725893588
833,9223.701581227231,0.9955649694926757
834,9224.14947457319,1.0010300631296374
835,9224.597413303516,1.0026213500922592
836,9225.045397418204,1.003973264966231
837,9225.493426917255,0.9989176462138128
838,9225.941501800671,0.9987737275280734
839,9226.38962206845,1.0005219366551446
840,9226.837787720593,1.00467538915073
841,9227.2859987571,0.9993951607077715
842,9227.73425517797,0.9992166478561817
843,9228.182556983202,1.0067055605664308
844,9228.630904172798,0.9992063872795394
845,9229.07929674676,0.9960381363726164
846,9229.527734705085,1.0016221569266914
847,9229.976218047772,0.9988023616932058
848,9230.424746774825,0.9960220193654676
849,9230.87332088624,0.9992648391495547
850,9231.321940382019,0.9988762166237508
851,9231.770605262162,0.9996718952257405
852,9232.219315526667,1.00700128415756
853,9232.668071175536,0.9969553145366236
854,9233.116872208771,0.99843779398041
855,9233.565718626367,0.9976626564555147
856,9234.014610428329,1.000086645521954
857,9234.463547614652,1.0045509640125911
858,9234.912530185342,1.0095195025348132
859,9235.361558140394,1.0002010761597673
860,9235.810631479808,1.0033897973591501
861,9236.259750203588,1.0009034620909227
862,9236.70891431173,1.0017050202936482
863,9237.158123804236,1.0013306992465787
864,9237.607378681107,0.9999551268743421
865,9238.05667894234,1.0006647529797952
866,9238.506024587938,1.0002167363828987
867,9238.955415617898,1.0019950033084295
868,9239.404852032223,0.9989098972119783
869,9239.85433383091,1.0008179174221974
870,9240.303861013963,1.00015047776649
871,9240.753433581378,1.0043577160159174
872,9241.203051533157,1.0056486276070098
873,9241.652714869299,1.0032442453817656
874,9242.102423589806,1.001008925566984
875,9242.552177694675,1.0011155491191637
876,9243.001977183909,1.007654914558944
877,9243.451822057506,0.999913571673293
878,9243.901712315466,0.9955676449654247
879,9244.351647957792,1.0006665590361075
880,9244.80162898448,1.0015179634195208
881,9245.251655395532,1.0021139615112946
882,9245.701727190946,1.0000124274854896
883,9246.151844370726,1.0048326405883263
884,9246.602006934869,0.9986673791419952
885,9247.052214883375,1.0018454066837854
886,9247.502468216246,1.0097419244811918
887,9247.952766933478,0.998435469984567
888,9248.403111035075,1.003180771865305
889,9248.853500521036,1.0011551086413348
890,9249.303935391361,0.998906587598418
891,9249.75441564605,0.9986897139533133
892,9250.204941285101,1.0067319960226673
893,9250.655512308516,1.0053988231214888
894,9251.106128716296,1.001826857931823
895,9251.556790508439,1.008104004341134
896,9252.007497684945,1.0013871419052434
897,9252.458250245814,1.0031292968890537
898,9252.909048191048,1.000996508690485
899,9253.359891520646,1.0014042621674617
900,9253.810780234608,1.0007298609245652
901,9254.261714332932,1.0006495844920984
902,9254.71269381562,1.0090753807263932
903,9255.163718682672,1.0032083861699332
904,9255.614788934086,1.0053731134619504
905,9256.065904569867,1.0027473992872333
906,9256.51706559001,1.0002218960034266
907,9256.968271994516,1.0012934968927274
908,9257.419523783385,1.0027719370041837
909,9257.87082095662,0.9978890901193684
910,9258.322163514216,1.004280551381663
911,9258.773551456177,1.0084531404751975
912,9259.224984782502,0.9987269958667144
913,9259.67646349319,1.0066397534514304
914,9260.127987588243,1.0144280941213433
915,9260.579557067658,1.0004386563148429
916,9261.031171931436,1.0024982028034597
917,9261.48283217958,1.0066829507965567
918,9261.934537812085,1.0001712775682234
919,9262.386288828955,0.9989705823460672
920,9262.838085230189,1.0021890702467062
921,9263.289927015787,0.9970177275864778
922,9263.741814185747,1.0062159514609281
923,9264.193746740073,0.9966599990207841
924,9264.645724678761,1.0065078059603438
925,9265.097748001812,1.0001875087703789
926,9265.549816709228,1.0007885617307115
927,9266.001930801007,1.0025971938689189
928,9266.45409027715,1.0059919495969742
929,9266.906295137656,1.0031940292172585
930,9267.358545382527,1.0044047749028104
931,9267.81084101176,1.0012820810543102
932,9268.263182025357,1.0044686132591294
933,9268.715568423318,1.005280103425103
934,9269.168000205644,1.0027541926627173
935,9269.620477372331,1.0066318581618565
936,9270.072999923384,0.9974571407374433
937,9270.5255678588,1.003106018931924
938,9270.978181178578,0.9965576401770435
939,9271.430839882722,1.0024811098957387
940,9271.883543971227,1.0027626438657204
941,9272.336293444097,0.9965942453916364
942,9272.789088301332,0.9986472362327443
943,9273.24192854293,0.9942358941114444
944,9273.69481416889,0.9968538115711723
945,9274.147745179214,0.9919998612676499
946,9274.600721573903,1.0021551921013965
947,9275.053743352955,0.9981320505048905
948,9275.50681051637,1.002855887904642
949,9275.95992306415,1.000349231910838
950,9276.413080996294,0.9942756892910365
951,9276.866284312799,0.9899186139776435
952,9277.31953301367,1.0007067326075316
953,9277.772827098903,1.0024746831256697
954,9278.2261665685,1.0054875727754184
955,9278.679551422461,1.0015482426858853
956,9279.132981660787,0.9941369323361668
957,9279.586457283474,0.9980867917046574
958,9280.039978290526,1.0030944327493918
959,9280.493544681942,1.0047806612025512
960,9280.947156457722,0.9949521581735237
961,9281.400813617864,1.0001072132877042
962,9281.854516162372,0.999047325990835
963,9282.308264091242,1.0009093889913883
964,9282.762057404474,1.003948524314761
965,9283.215896102072,1.0001494380068272
966,9283.669780184033,0.997181769259698
967,9284.123709650357,0.9960592729152831
968,9284.577684501046,0.9997582044476149
969,9285.031704736099,1.0002183673692775
970,9285.485770355514,0.9969480905358964
971,9285.939881359294,1.002806057603891
972,9286.394037747436,1.0003009912977556
973,9286.848239519943,0.9986668125090017
974,9287.302486676814,0.9978436008674019
975,9287.756779218047,0.9971613254225248
976,9288.211117143645,1.0007692155540457
977,9288.665500453606,0.9996008051193586
978,9289.11992914793,0.9920338990244197
979,9289.57440322662,1.000190215147567
980,9290.028922689671,0.9971302474020253
981,9290.483487537087,0.9971106969281145
982,9290.938097768865,0.9986155950499986
983,9291.39275338501,0.9943264211427505
984,9291.847454385515,0.9950604984385616
985,9292.302200770386,0.9958453657639117
986,9292.75699253962,1.0009223622591497
987,9293.211829693217,0.9973085309225918
988,9293.666712231177,0.9945726896537233
989,9294.121640153502,0.9953457057593598
990,9294.57661346019,0.9978373049462439
991,9295.031632151244,0.9998944996393114
992,9295.486696226659,0.999210185892885
993,9295.941805686438,0.995006335070115
994,9296.396960530581,1.0026494270350867
995,9296.852160759088,1.0003264593934988
996,9297.307406371958,0.9987885913097456
997,9297.762697369193,0.9974229897745313
998,9298.218033750789,1.003500254236434
999,9298.67341551675,0.9994653949989042
1000,9299.128842667076,0.9963110822064205
1001,9299.584315201764,0.9971924051159704
1002,9300.039833120816,0.9965613848399973
1003,9300.495396424232,0.9918475780771024
1004,9300.951005112012,1.0009418853773002
1005,9301.406659184155,0.999816047119259
1006,9301.862358640661,1.0002852437103986
1007,9302.318103481532,0.9907919040790424
1008,9302.773893706766,0.9968753973391715
1009,9303.229729316363,0.9972284836440262
1010,9303.685610310324,1.0001124187753514
1011,9304.141536688649,0.9953564960669312
1012,9304.597508451337,0.99051587801989
1013,9305.053525598389,0.9936173968606539
1014,9305.509588129806,1.0012807072643974
1015,9305.965696045585,0.9925125367779678
1016,9306.421849345728,1.0035300538070053
1017,9306.878048030234,0.9975346986443342
1018,9307.334292099105,0.9969793600952476
1019,9307.790581552339,1.0039259298421788
1020,9308.246916389937,1.001753224643403
1021,9308.703296611897,0.996693321484637
1022,9309.159722218223,0.9949633393546116
1023,9309.61619320891,0.9993215239368815
1024,9310.072709583963,0.9988196423981655
1025,9310.52927134338,0.9949475922758007
1026,9310.985878487158,0.998700029924906
1027,9311.442531015302,0.9961454110825663
1028,9311.899228927809,1.000907062804476
1029,9312.35597222468,0.9976454477749921
1030,9312.812760905912,1.0009491403474906
1031,9313.26959497151,1.0036255547532753
1032,9313.726474421472,1.0024753963007247
1033,9314.183399255797,0.9965049124261867
1034,9314.640369474484,0.9969322295507967
1035,9315.097385077537,0.9936968343677759
1036,9315.554446064953,0.9902649580179717
1037,9316.011552436732,0.9950535122989435
1038,9316.468704192876,0.9871212776251765
1039,9316.925901333381,0.9886414187237713
1040,9317.383143858253,0.9946450519662833
1041,9317.840431767487,0.9975901020654209
1042,9318.297765061085,1.0044712798392266
1043,9318.755143739045,0.9934129408060943
1044,9319.21256780137,0.9931938085540595
1045,9319.670037248059,0.9970905247058859
1046,9320.127552079111,1.0005904025007448
1047,9320.585112294526,0.9982593009678409
1048,9321.042717894306,0.9939688956879074
1049,9321.500368878449,0.9980206946578881
1050,9321.958065246956,0.9953758581786121
1051,9322.415806999827,0.9986951505943087
1052,9322.873594137061,0.9951095511324763
1053,9323.331426658659,0.9989296392815263
1054,9323.78930456462,0.9949385394552612
1055,9324.247227854945,0.99662438260782
1056,9324.705196529632,0.9969663205124404
1057,9325.163210588686,1.0021689618388934
1058,9325.621270032101,0.9977472648970561
1059,9326.07937485988,1.0000635374179843
1060,9326.537525072024,0.9985336342788302
1061,9326.99572066853,0.9961467955705082
1062,9327.4539616494,0.9969246145851973
1063,9327.912248014634,0.9989643996112747
1064,9328.370579764232,0.9965936421619733
1065,9328.828956898195,0.997291776545834
1066,9329.287379416519,0.9970919048897326
1067,9329.745847319207,1.0034843727218419
1068,9330.20436060626,0.9983393881963978
1069,9330.662919277676,0.9977304343672795
1070,9331.121523333455,0.9984196776172862
1071,9331.580172773598,0.9975488876674286
1072,9332.038867598105,1.0032041726245375
1073,9332.497607806976,0.9951127780781858
1074,9332.95639340021,0.9929936398447732
1075,9333.415224377808,1.0006487922934635
1076,9333.87410073977,0.9962828079829541
1077,9334.333022486095,1.0033773721973684
1078,9334.791989616782,0.994801287612113
1079,9335.251002131836,0.9992972073987096
1080,9335.710060031251,0.9952783742836071
1081,9336.169163315031,1.0014044774039879
1082,9336.628311983173,1.0037177607981753
1083,9337.087506035681,1.002501775759025
1084,9337.546745472551,1.0011662000326849
1085,9338.006030293785,1.0038204719659496
1086,9338.465360499384,1.0034083896224013
1087,9338.924736089344,0.9999204057176913
1088,9339.384157063669,0.9949981731278745
1089,9339.843623422359,0.9969755635831505
1090,9340.30313516541,0.9966475072326716
1091,9340.762692292827,1.002644497982229
1092,9341.222294804606,1.002542493608587
1093,9341.681942700749,1.0016821745760458
1094,9342.141635981256,0.996073061943149
1095,9342.601374646127,0.9953059750312651
1096,9343.06115869536,1.0000672855306374
1097,9343.52098812896,0.9948345053767003
1098,9343.98086294692,0.9978172574171564
1099,9344.440783149244,0.9992872872388799
1100,9344.900748735934,1.0053624723526515
1101,9345.360759706986,1.002837933841754
1102,9345.820816062402,0.9984577159288299
1103,9346.280917802182,1.0011027280760056
1104,9346.741064926326,1.0013013208906099
1105,9347.201257434832,0.9984166842040791
1106,9347.661495327702,0.9974980631008644
1107,9348.121778604936,0.9984254361917798
1108,9348.582107266535,1.0032280364714787
1109,9349.042481312496,1.0005386206439888
1110,9349.50290074282,1.0003955106461395
1111,9349.963365557509,1.0001378640181542
1112,9350.423875756562,0.9965267091284062
1113,9350.884431339979,0.9997716254484825
1114,9351.345032307758,0.9975906291199442
1115,9351.8056786599,1.0006073580933061
1116,9352.266370396408,0.9966489865229786
1117,9352.72710751728,1.001120766459576
1118,9353.187890022513,0.9976942398218752
1119,9353.64871791211,1.0009498942433792
1120,9354.109591186072,0.9971507720594028
1121,9354.570509844398,0.9991648789232828
1122,9355.031473887086,0.9978813283480065
1123,9355.492483314138,0.9974148173759981
1124,9355.953538125554,0.9982727199571965
1125,9356.414638321334,0.9959098905439339
1126,9356.875783901478,0.9989353492557025
1127,9357.336974865984,1.0004986842331838
1128,9357.798211214855,0.9995745755190759
1129,9358.25949294809,1.0004553172704436
1130,9358.720820065688,1.0050825475007739
1131,9359.182192567649,1.0050259329782503
1132,9359.643610453973,1.0014063788587366
1133,9360.105073724662,0.9970737664817306
1134,9360.566582379715,1.0012665353293642
1135,9361.02813641913,1.0047464639687371
1136,9361.489735842912,1.0041471653570007
1137,9361.951380651055,1.0000521738880828
1138,9362.41307084356,0.9989033239393776
1139,9362.874806420432,1.005827384441231
1140,9363.336587381666,1.00348065572722
1141,9363.798413727263,1.0020236899127426
1142,9364.260285457225,1.000146326951331
1143,9364.722202571551,1.001628214384867
1144,9365.184165070239,0.9959520570778944
1145,9365.646172953291,0.9987488599088259
1146,9366.108226220707,1.0014676325314245
1147,9366.570324872488,0.998127763669755
1148,9367.03246890863,1.0030952451101411
1149,9367.494658329138,0.9974437833877523
1150,9367.956893134009,1.0010241918755893
1151,9368.419173323244,0.996966715824781
1152,9368.88149889684,1.0062445801736604
1153,9369.343869854802,1.0011262551649467
1154,9369.806286197128,1.0031126397836347
1155,9370.268747923816,1.001900650460882
1156,9370.731255034869,1.0008239479545047
1157,9371.193807530286,1.0000888752295687
1158,9371.656405410065,1.0018559703707421
1159,9372.119048674209,0.999502660876438
1160,9372.581737322715,1.004606485092404
1161,9373.044471355586,1.0022242971344284
1162,9373.50725077282,1.0011595944634541
1163,9373.970075574418,1.0053959474004595
1164,9374.43294576038,1.0024826014866655
1165,9374.895861330706,1.0054289487357013
1166,9375.358822285394,1.0088105529956437
1167,9375.821828624446,1.0079345497658867
1168,9376.284880347863,1.0019598401352077
1169,9376.747977455643,1.0021279390835205
1170,9377.211119947786,0.9999447889382005
1171,9377.674307824293,1.0024483920882759
1172,9378.137541085163,1.001091951141324
1173,9378.600819730398,0.999091809952596
1174,9379.064143759995,0.9999691717219996
1175,9379.527513173958,0.9930717843645251
1176,9379.990927972283,0.9961621893675506
1177,9380.454388154973,0.9917296525224357
1178,9380.917893722024,0.9964431060224352
1179,9381.381444673441,1.0006769802266375
1180,9381.845041009221,1.0019101607950458
1181,9382.308682729365,0.9997113239811751
1182,9382.77236983387,1.0016249788686675
1183,9383.236102322742,1.0062281151082477
1184,9383.699880195976,1.0048888100374613
1185,9384.163703453574,1.0043706186233412
1186,9384.627572095536,1.0084666786266037
1187,9385.09148612186,1.006449941691828
1188,9385.55544553255,1.0031181308524246
1189,9386.019450327603,1.00400074352737
1190,9386.483500507018,1.0023612148688221
1191,9386.947596070799,0.9988924526639698
1192,9387.411737018941,1.0036891408769457
1193,9387.875923351448,1.0050588732417003
1194,9388.34015506832,1.0045517655600158
1195,9388.804432169554,1.0048297280447245
1196,9389.268754655153,1.0044127479932856
1197,9389.733122525115,1.0033718312793019
1198,9390.19753577944,1.004012026166401
1199,9390.661994418128,1.0041197064897185
1200,9391.126498441181,1.001774906805941
1201,9391.591047848597,1.00499520994308
1202,9392.055642640376,1.0033618369876605
1203,9392.52028281652,1.002014599315876
1204,9392.984968377028,1.0038241262681513
1205,9393.449699321898,1.0034321093575316
1206,9393.914475651132,0.9997713413068164
1207,9394.37929736473,0.9997292947414382
1208,9394.844164462693,1.001956724434728
1209,9395.309076945017,1.0072405510436138
1210,9395.774034811708,1.0020944113988755
