Data,Energy,0
0,8866.371181979897,0.010706860477206058
1,8866.781270150947,0.016328446329183677
2,8867.19140370636,0.009091556664229321
3,8867.601582646137,0.004629093353306573
4,8868.011806970277,0.00811504761430155
5,8868.422076678782,0.0038153518740224506
6,8868.83239177165,0.004423635254207755
7,8869.24275224888,-0.0035740593632276703
8,8869.653158110475,0.0032281012233107355
9,8870.063609356434,0.00899330696391463
10,8870.474105986756,0.009192688565645276
11,8870.884648001442,0.014391830117251085
12,8871.295235400492,0.002565881970854459
13,8871.705868183904,0.009359047456464382
14,8872.116546351683,0.006633296909340613
15,8872.527269903821,0.005833226590933565
16,8872.938038840326,0.00450934403590749
17,8873.348853161195,0.0069580267610630485
18,8873.759712866426,0.013306358780926238
19,8874.17061795602,0.012032324543369222
20,8874.58156842998,0.007278622142236853
21,8874.9925642883,0.008817708689251448
22,8875.403605530988,0.004575052547188176
23,8875.814692158037,0.004618815238402
24,8876.22582416945,0.009768743375177925
25,8876.637001565226,-0.0004943398440566942
26,8877.048224345368,0.0019144073488244174
27,8877.459492509872,0.001945153041309433
28,8877.87080605874,0.006940870287092154
29,8878.282164991972,0.0019646980148137023
30,8878.693569309566,0.007428217009508795
31,8879.105019011526,0.004452486243125864
32,8879.516514097848,0.004202971676838861
33,8879.928054568534,0.00841174818152379
34,8880.339640423583,0.009518961922622625
35,8880.751271662995,0.006961421608443729
36,8881.162948286774,0.008482231849762677
37,8881.574670294915,-0.004641189026215254
38,8881.986437687417,-0.006426130007950569
39,8882.398250464286,0.000649871708187155
40,8882.810108625517,0.00024145591704713746
41,8883.222012171113,-0.001317811403412293
42,8883.633961101072,0.005790392478115995
43,8884.045955415393,-0.003522367727780647
44,8884.457995114079,0.001244796477616141
45,8884.870080197128,-0.0024454730380825368
46,8885.282210664542,0.0008909576243643965
47,8885.69438651632,-0.002685740228106428
48,8886.10660775246,0.004752437736731335
49,8886.518874372963,0.007179822820239807
50,8886.931186377831,0.0003668502508067681
51,8887.343543767063,0.008643865045737428
52,8887.75594654066,0.007182117422326361
53,8888.168394698618,0.004450298892649698
54,8888.58088824094,-0.0060399045685200865
55,8888.993427167627,-0.007845057198831603
56,8889.406011478675,-0.010537813884429127
57,8889.818641174088,-0.01030605121770596
58,8890.231316253865,-0.004137519079974394
59,8890.644036718006,0.006525405759033593
60,8891.05680256651,0.0022813034830636435
61,8891.469613799378,-0.0041133604984785205
62,8891.882470416609,-0.0015079432702041328
63,8892.295372418204,-0.0031586678130675816
64,8892.708319804164,-0.002935851474247398
65,8893.121312574487,-0.004251460347560056
66,8893.534350729173,-0.00954933641698682
67,8893.947434268222,-0.0066459167923256755
68,8894.360563191636,0.000568587294020864
69,8894.773737499412,0.0008683901014437893
70,8895.186957191552,0.0006782247319949387
71,8895.600222268058,-0.0003473103385387994
72,8896.013532728924,-0.0013850739099848769
73,8896.426888574157,-0.011835876262456104
74,8896.840289803751,-0.006425125268753592
75,8897.253736417711,-0.009275456034313522
76,8897.667228416034,-0.0033455522095603733
77,8898.080765798719,-0.0048265469314291015
78,8898.49434856577,-0.01427893938899143
79,8898.907976717182,-0.0067947279780056725
80,8899.32165025296,-0.006497494475405962
81,8899.7353691731,-0.012279992113766722
82,8900.149133477604,-0.008135805455243813
83,8900.562943166473,-0.005035730730583268
84,8900.976798239704,-0.010049353472287864
85,8901.3906986973,-0.006959537158177566
86,8901.804644539257,-0.005100172244497827
87,8902.218635765581,-0.010033973035705808
88,8902.632672376267,-0.012901826292027019
89,8903.046754371317,-0.005605938124858579
90,8903.46088175073,-0.005036682823562141
91,8903.875054514507,-0.006136036629184867
92,8904.289272662647,0.0015288359522960487
93,8904.703536195151,-0.008269590140773986
94,8905.11784511202,-0.0026252316035122077
95,8905.532199413252,-0.0013814537295010307
96,8905.946599098846,0.00024093908633489574
97,8906.361044168805,-0.0009247010623205205
98,8906.775534623128,-0.008688048557299797
99,8907.190070461815,-0.011385289134975373
100,8907.604651684864,-0.0013005705863727334
101,8908.019278292277,-0.00023038027195873296
102,8908.433950284054,0.0004207973751381251
103,8908.848667660195,0.004302264932950018
104,8909.2634304207,0.0006508998997917345
105,8909.678238565568,-0.002160379911343692
106,8910.0930920948,-0.0058894392082288055
107,8910.507991008395,-0.0050134018452103035
108,8910.922935306353,-0.0019997089571450813
109,8911.337924988677,0.0018091753485299598
110,8911.752960055363,-0.0018806632671775154
111,8912.168040506413,-0.0033450813986652343
112,8912.583166341825,-0.0009033730326828064
113,8912.998337561603,0.0034183060427143593
114,8913.413554165743,0.005015912943159455
115,8913.828816154248,-0.0023674361965677006
116,8914.244123527116,-0.0017682437515848645
117,8914.659476284347,0.001631797139980197
118,8915.074874425942,0.0007641392798282279
119,8915.4903179519,0.00025298612757137184
120,8915.905806862223,0.001956305555451226
121,8916.32134115691,-0.006130299754617135
122,8916.73692083596,-0.005448599985976346
123,8917.152545899373,0.0026806925052741534
124,8917.56821634715,-0.0019301210030263538
125,8917.983932179292,0.0011746919171913132
126,8918.399693395795,-0.00660302609902468
127,8918.815499996665,-0.012143131928659963
128,8919.231351981896,-0.008076931291502193
129,8919.64724935149,-0.0022670678686588994
130,8920.06319210545,-0.0013070322848114425
131,8920.479180243772,-0.008913600789831347
132,8920.895213766458,-0.008251638661080841
133,8921.311292673508,-0.009850501163543766
134,8921.727416964923,-0.012410682852806637
135,8922.1435866407,-0.007294175416328273
136,8922.55980170084,-0.0016010578082248084
137,8922.976062145344,0.0003037934523699009
138,8923.392367974213,0.00015868496197003496
139,8923.808719187444,-0.009459721428699958
140,8924.225115785039,-0.006888334504393168
141,8924.641557766998,-0.004128693284117106
142,8925.05804513332,-0.0026653384862443093
143,8925.474577884008,-0.002409150056186787
144,8925.891156019057,0.001071926445035733
145,8926.30777953847,0.0010319691817260164
146,8926.724448442248,-0.009888160291496494
147,8927.14116273039,-0.002775450517567548
148,8927.557922402893,-0.005466348946904414
149,8927.974727459761,-0.004191860561896262
150,8928.391577900993,-0.005153412221416937
151,8928.808473726589,0.0022919146320823486
152,8929.225414936547,-0.0028050542507166995
153,8929.642401530871,0.004746276596675749
154,8930.059433509557,-0.007033928151570697
155,8930.476510872606,-0.00045421283174939273
156,8930.89363362002,-0.008306734406919687
157,8931.310801751797,-0.002832470503728445
158,8931.728015267938,-0.005472916643003763
159,8932.145274168442,-0.007719882277424623
160,8932.562578453311,0.000407433176908222
161,8932.979928122542,-0.00968655670370748
162,8933.397323176137,0.0014569480097805306
163,8933.814763614097,0.005918734953506614
164,8934.23224943642,0.001837603916619351
165,8934.649780643105,0.0014950063382229606
166,8935.067357234157,0.004616439694158873
167,8935.48497920957,0.0024520926715137503
168,8935.902646569346,-0.0012060075765699646
169,8936.320359313488,-0.007052813600583225
170,8936.738117441992,-0.004864439228193674
171,8937.15592095486,-0.006373744855309508
172,8937.573769852092,0.0028546619762086383
173,8937.991664133688,0.002328474857027212
174,8938.409603799646,-0.007471704919052205
175,8938.82758884997,-0.004666310195676298
176,8939.245619284657,0.007825448017306186
177,8939.663695103705,0.0030486711790955303
178,8940.08181630712,-0.002977344612009988
179,8940.499982894897,0.0028012126187755846
180,8940.918194867038,0.0020758833312228527
181,8941.336452223542,-0.002232751695383348
182,8941.75475496441,0.0024107409208179113
183,8942.173103089643,-0.0005040653432649175
184,8942.591496599238,0.0005544064749556563
185,8943.009935493197,-0.0027951389422736376
186,8943.428419771519,-0.0038935013556348316
187,8943.846949434206,-0.0038859551166908674
188,8944.265524481256,-0.010765848698980892
189,8944.68414491267,-0.0024291678746303494
190,8945.102810728447,-0.008706656841317769
191,8945.521521928587,-0.0024108148100767932
192,8945.940278513091,0.0017615637331612694
193,8946.35908048196,0.0038503153055986375
194,8946.777927835192,0.0029152062163390604
195,8947.196820572788,-0.007472681012224432
196,8947.615758694747,-0.004085290467969172
197,8948.03474220107,0.0004235524436149662
198,8948.453771091756,0.0011478668507515634
199,8948.872845366806,-0.004223488111993671
200,8949.29196502622,-0.01584580291219553
201,8949.711130069998,-0.005723900820979349
202,8950.130340498139,0.0033980830826215646
203,8950.549596310642,0.005814336259447099
204,8950.968897507511,-0.0050276217859354785
205,8951.388244088743,-0.0005029532492536919
206,8951.807636054338,0.005069771773138257
207,8952.227073404298,0.006649490307313614
208,8952.646556138621,0.007977398265076666
209,8953.066084257307,-0.002962129714131352
210,8953.485657760357,0.0020744162630123965
211,8953.90527664777,-0.0030715719301287014
212,8954.324940919549,-0.002003411942176343
213,8954.744650575689,0.0008473584613988509
214,8955.164405616193,0.009239853415389878
215,8955.584206041061,0.0015792216704259177
216,8956.004051850294,0.001479351036467058
217,8956.42394304389,0.0033526339822106416
218,8956.843879621849,-0.006071750244403249
219,8957.263861584172,0.0038996779442114797
220,8957.683888930858,0.006671938060820707
221,8958.103961661907,0.00935580018855011
222,8958.524079777322,0.0021242971623708397
223,8958.9442432771,0.004119842529612118
224,8959.36445216124,0.008863099938073285
225,8959.784706429744,0.0016746865076586453
226,8960.205006082613,0.011152317452732315
227,8960.625351119845,0.007917380424709741
228,8961.04574154144,0.0051234106796446376
229,8961.4661773474,0.004723191984134603
230,8961.886658537722,0.004474207708564014
231,8962.30718511241,0.008231084162218875
232,8962.72775707146,-0.0008248578335669618
233,8963.148374414874,0.006110104754804316
234,8963.56903714265,0.007995581815469851
235,8963.989745254792,0.011867678717981112
236,8964.410498751296,0.007515417728200463
237,8964.831297632165,0.0035751458986676204
238,8965.252141897396,-3.1701261099691645e-05
239,8965.673031546992,0.003322637425928741
240,8966.093966580951,0.0035770110756436586
241,8966.514946999274,0.002762818704399335
242,8966.93597280196,0.0063093072998537504
243,8967.35704398901,0.002667886604748558
244,8967.778160560425,0.012258765478568762
245,8968.199322516202,0.016733537435164512
246,8968.620529856344,0.017453963742808623
247,8969.041782580847,0.00408875442097617
248,8969.463080689717,0.011905743128995649
249,8969.884424182948,0.010728591624803014
250,8970.305813060544,0.010632820226405831
251,8970.727247322504,0.02275429472876291
252,8971.148726968826,0.012950916619217474
253,8971.570251999512,0.01371117306159492
254,8971.991822414562,0.01737497439946329
255,8972.413438213976,0.01602888946472501
256,8972.835099397755,0.018810229122072766
257,8973.256805965895,0.028851942247643012
258,8973.6785579184,0.0304435430722505
259,8974.100355255268,0.027435206352744785
260,8974.522197976501,0.033947214214545635
261,8974.944086082096,0.029169087915955967
262,8975.366019572055,0.043837062291491
263,8975.787998446378,0.04540530757748209
264,8976.210022705065,0.04433245850967583
265,8976.632092348114,0.04948195929703997
266,8977.05420737553,0.05744270548841797
267,8977.476367787307,0.05981110483416223
268,8977.898573583447,0.06540111475052847
269,8978.320824763952,0.099791948329019
270,8978.74312132882,0.14128903623522915
271,8979.165463278052,0.17388897645018236
272,8979.587850611648,0.2036356409057713
273,8980.010283329608,0.23538728501986406
274,8980.43276143193,0.25802316202582254
275,8980.855284918618,0.2715889363983209
276,8981.277853789667,0.2820725480432741
277,8981.700468045081,0.2936931101166387
278,8982.12312768486,0.3055488939562926
279,8982.545832709,0.3118347949966114
280,8982.968583117505,0.3289080837922032
281,8983.391378910374,0.3581494946152182
282,8983.814220087605,0.3874737303005315
283,8984.237106649201,0.4230388994298734
284,8984.66003859516,0.46557282655018
285,8985.083015925484,0.5054910058183236
286,8985.50603864017,0.5489612361391886
287,8985.92910673922,0.594060267756529
288,8986.352220222634,0.6497163700284371
289,8986.775379090412,0.6987984127846878
290,8987.198583342553,0.7418712403980384
291,8987.621832979057,0.7884923537544021
292,8988.045127999927,0.8344185695695194
293,8988.468468405159,0.8838311199875417
294,8988.891854194753,0.9414687450150806
295,8989.315285368713,0.9946049207054938
296,8989.738761927036,1.0523432393372585
297,8990.162283869724,1.1128418584863355
298,8990.585851196773,1.170599287722164
299,8991.009463908187,1.2237056600143963
300,8991.433122003966,1.2618019794579811
301,8991.856825484107,1.2975701874639618
302,8992.280574348611,1.3250764296425999
303,8992.704368597479,1.350404131883813
304,8993.128208230712,1.3544230653054736
305,8993.552093248307,1.3623684878317848
306,8993.976023650266,1.357971476253986
307,8994.39999943659,1.3513089513393783
308,8994.824020607277,1.3369557029604295
309,8995.248087162327,1.3283698427770383
310,8995.67219910174,1.3132636123541532
311,8996.096356425518,1.2963559349919003
312,8996.52055913366,1.2871688928475615
313,8996.944807226164,1.2602028723291616
314,8997.369100703034,1.2401640942210537
315,8997.793439564266,1.2148658647998998
316,8998.21782380986,1.2085091279787792
317,8998.64225343982,1.1978870712570289
318,8999.066728454143,1.168336132942283
319,8999.49124885283,1.1534479914453504
320,8999.91581463588,1.1379461179911519
321,9000.340425803295,1.1101049007878976
322,9000.765082355072,1.0889971713453237
323,9001.189784291213,1.0632427994812317
324,9001.614531611718,1.0534252488910758
325,9002.039324316587,1.0457155871405512
326,9002.464162405819,1.0306912459399176
327,9002.889045879416,1.0256496824832073
328,9003.313974737375,1.021629641222178
329,9003.738948979697,0.9955512940465898
330,9004.163968606385,0.9940085304728388
331,9004.589033617434,0.9867536689303213
332,9005.014144012848,0.9827222691488768
333,9005.439299792626,0.9756355147949034
334,9005.864500956768,0.9769329431027045
335,9006.289747505272,0.9698006090742886
336,9006.71503943814,0.9624529494925675
337,9007.140376755373,0.9612659628309409
338,9007.56575945697,0.954667287498983
339,9007.991187542928,0.9538976144708098
340,9008.416661013252,0.9402798233352108
341,9008.84217986794,0.9428523179654691
342,9009.26774410699,0.9331251788546557
343,9009.693353730403,0.9271149146499342
344,9010.11900873818,0.9262785312278365
345,9010.544709130321,0.9300907154912336
346,9010.970454906826,0.9282079124259701
347,9011.396246067696,0.9316994025054879
348,9011.822082612927,0.9193676243119877
349,9012.247964542525,0.9073524631658986
350,9012.673891856484,0.9154486752730748
351,9013.099864554806,0.9069683701802378
352,9013.525882637494,0.9088930685442279
353,9013.951946104544,0.8977512525010831
354,9014.378054955958,0.8964142598225975
355,9014.804209191736,0.8960125273266246
356,9015.230408811876,0.8888121926808644
357,9015.656653816382,0.8908873003467611
358,9016.08294420525,0.8803200080345829
359,9016.509279978483,0.8815617468662218
360,9016.935661136078,0.8809181348029913
361,9017.362087678039,0.8706564524422649
362,9017.788559604362,0.8774961727174507
363,9018.215076915048,0.8687777678237254
364,9018.6416396101,0.8646776849783218
365,9019.068247689513,0.8735407524830432
366,9019.49490115329,0.8779181599455324
367,9019.921600001431,0.8719916836105917
368,9020.348344233937,0.862212944945179
369,9020.775133850806,0.8662798103960029
370,9021.201968852038,0.8666198979357057
371,9021.628849237633,0.8674235273766207
372,9022.055775007593,0.8625237908726363
373,9022.482746161917,0.8665932889943843
374,9022.909762700603,0.8774356022424364
375,9023.336824623653,0.8735348017209397
376,9023.763931931067,0.8753324571676938
377,9024.191084622846,0.8777519184024319
378,9024.618282698988,0.8848706351355978
379,9025.045526159493,0.8915222649516262
380,9025.472815004361,0.8902364657234142
381,9025.900149233594,0.8964040040682153
382,9026.327528847189,0.8975373001263418
383,9026.75495384515,0.9040855739256465
384,9027.182424227472,0.9042987820198245
385,9027.60993999416,0.9044573684588432
386,9028.037501145209,0.917820792505104
387,9028.465107680624,0.9220503028522948
388,9028.892759600401,0.9330950599431309
389,9029.320456904543,0.9369901110388028
390,9029.748199593048,0.9360122604607695
391,9030.175987665916,0.9509863395897683
392,9030.60382112315,0.9473001153699411
393,9031.031699964746,0.9519200412582415
394,9031.459624190706,0.9565912907630101
395,9031.887593801028,0.9581124687169823
396,9032.315608795716,0.9736789743616826
397,9032.743669174766,0.9773147259997896
398,9033.17177493818,0.9747559712089701
399,9033.599926085957,0.9841441347252181
400,9034.0281226181,0.9880629146304647
401,9034.456364534604,0.9925166811157775
402,9034.884651835473,1.001420131779824
403,9035.312984520706,1.0060683881369208
404,9035.741362590301,1.0045511598690084
405,9036.169786044262,1.0143758432410797
406,9036.598254882585,1.0121562390643088
407,9037.02676910527,1.0235143597532672
408,9037.455328712322,1.0269349708826891
409,9037.883933703735,1.023694776200742
410,9038.312584079515,1.0319730482371017
411,9038.741279839656,1.038225155555125
412,9039.17002098416,1.0301640408467836
413,9039.59880751303,1.0372489427307334
414,9040.027639426262,1.0351313988123043
415,9040.456516723858,1.0383334158819526
416,9040.885439405818,1.036790259676992
417,9041.31440747214,1.0403755450787886
418,9041.743420922829,1.0409601192997395
419,9042.172479757879,1.0388155378406694
420,9042.601583977292,1.0371868073943962
421,9043.03073358107,1.0399865397972388
422,9043.459928569213,1.0474758292171282
423,9043.889168941718,1.0488499457047555
424,9044.318454698587,1.051327661279652
425,9044.747785839818,1.0518578685253293
426,9045.177162365415,1.046784175855515
427,9045.606584275374,1.052556540169319
428,9046.036051569698,1.0565645569884115
429,9046.465564248385,1.0584321233290943
430,9046.895122311435,1.053193026448835
431,9047.32472575885,1.0506104125225542
432,9047.754374590628,1.0589100880869227
433,9048.18406880677,1.0615205888065318
434,9048.613808407274,1.044829476402463
435,9049.043593392144,1.0522005101217058
436,9049.473423761376,1.0439509500080855
437,9049.903299514972,1.0441663624614719
438,9050.333220652932,1.0424745023542663
439,9050.763187175255,1.0441349054331202
440,9051.193199081941,1.0456810894995952
441,9051.623256372992,1.0493673688955232
442,9052.053359048406,1.0463058485625252
443,9052.483507108185,1.046836343346909
444,9052.913700552326,1.043312843157801
445,9053.343939380831,1.0538877503134538
446,9053.7742235937,1.0511934662719011
447,9054.204553190933,1.045264143686032
448,9054.634928172529,1.0420493966306945
449,9055.065348538488,1.0461270811441254
450,9055.495814288812,1.044623931474533
451,9055.9263254235,1.050097382969617
452,9056.356881942549,1.0480612296480571
453,9056.787483845965,1.0418772245360421
454,9057.218131133743,1.039665128449594
455,9057.648823805885,1.047424057785547
456,9058.079561862389,1.0378264917377635
457,9058.510345303257,1.0448520226025764
458,9058.941174128491,1.0379788492348099
459,9059.372048338086,1.0385268964832834
460,9059.802967932046,1.0358087397556952
461,9060.23393291037,1.0368157531948123
462,9060.664943273057,1.0301977191556893
463,9061.095999020108,1.0359003329675402
464,9061.527100151521,1.0388612539975193
465,9061.9582466673,1.0318522723149135
466,9062.389438567441,1.033469481935454
467,9062.820675851946,1.0336146464225826
468,9063.251958520816,1.0319580320102806
469,9063.683286574049,1.0248249310242576
470,9064.114660011644,1.0243934529758327
471,9064.546078833604,1.0238064316515398
472,9064.977543039928,1.0242372872736427
473,9065.409052630615,1.0256062657075136
474,9065.840607605665,1.0178147178611585
475,9066.27220796508,1.023972171484688
476,9066.703853708857,1.0215097219413134
477,9067.135544837,1.0256087097552582
478,9067.567281349506,1.0212513421607559
479,9067.999063246374,1.0198039274963118
480,9068.430890527607,1.0127904367341158
481,9068.862763193203,1.0202186257665975
482,9069.294681243162,1.0114548613431407
483,9069.726644677487,1.0120461899372828
484,9070.158653496173,1.0046818622477995
485,9070.590707699224,1.0068453483069997
486,9071.02280728664,1.0105836741842604
487,9071.454952258417,1.0096041950406005
488,9071.887142614558,1.0043675057317163
489,9072.319378355063,1.004850258959282
490,9072.751659479933,1.0018317885559003
491,9073.183985989166,1.003749735346507
492,9073.616357882762,0.9982265690946297
493,9074.048775160722,1.001123041816577
494,9074.481237823045,0.9975640046527194
495,9074.913745869731,1.004960252627519
496,9075.346299300783,0.9988218772746906
497,9075.778898116198,0.9937353439270473
498,9076.211542315976,0.9906262965958982
499,9076.644231900116,0.990060141700016
500,9077.076966868623,0.9855359603607967
501,9077.509747221491,0.9903980216035846
502,9077.942572958724,0.984458456091419
503,9078.37544408032,0.9930280190814329
504,9078.80836058628,0.9895268539391786
505,9079.241322476604,0.9897463553032588
506,9079.674329751291,0.9804452924178153
507,9080.107382410342,0.9825269767804458
508,9080.540480453756,0.9837496433897036
509,9080.973623881535,0.9834071852086705
510,9081.406812693676,0.9791450605889764
511,9081.840046890182,0.9817955482107523
512,9082.273326471051,0.9728677768695857
513,9082.706651436283,0.9755869171196163
514,9083.140021785879,0.9754796685025338
515,9083.573437519839,0.9780230758553864
516,9084.006898638163,0.9731630256654229
517,9084.440405140851,0.9732584048891628
518,9084.873957027901,0.9747886974156339
519,9085.307554299316,0.9784340302345214
520,9085.741196955094,0.974069114014271
521,9086.174884995236,0.9769534242558089
522,9086.608618419741,0.9769547115745504
523,9087.04239722861,0.9786225538066671
524,9087.476221421843,0.9753373887117505
525,9087.91009099944,0.9753196617192008
526,9088.344005961399,0.9774165887528513
527,9088.777966307724,0.9748392237155713
528,9089.21197203841,0.9791628241939592
529,9089.64602315346,0.9813693300614851
530,9090.080119652876,0.9740910642437213
531,9090.514261536653,0.9757780976918071
532,9090.948448804795,0.9733882472983688
533,9091.3826814573,0.9738463803689924
534,9091.81695949417,0.9747246337576987
535,9092.251282915402,0.9817354359395142
536,9092.685651720998,0.9835545346869854
537,9093.120065910958,0.9839279723209537
538,9093.554525485282,0.9807510797825632
539,9093.98903044397,0.9785222547407167
540,9094.423580787021,0.9808284459353591
541,9094.858176514435,0.9792503660483513
542,9095.292817626214,0.9811259238663685
543,9095.727504122355,0.9845008801878716
544,9096.162236002861,0.9820941291942171
545,9096.59701326773,0.9800941941625677
546,9097.031835916963,0.9894373650028052
547,9097.466703950558,0.9836794769423778
548,9097.90161736852,0.9907229038371341
549,9098.336576170843,0.9889089425801824
550,9098.77158035753,0.9887121435186643
551,9099.206629928582,0.9905245699572092
552,9099.641724883995,0.9907294932455577
553,9100.076865223773,0.9932948626128306
554,9100.512050947915,0.9961572249334045
555,9100.94728205642,0.9901789546079005
556,9101.38255854929,0.9918506492142907
557,9101.817880426523,0.9919575592519685
558,9102.253247688119,0.9878831561979796
559,9102.688660334079,0.9876530238215793
560,9103.124118364403,0.996932803642031
561,9103.55962177909,0.9977723189901171
562,9103.995170578142,0.9883636488834378
563,9104.430764761557,0.9860327824752508
564,9104.866404329334,0.989508102225205
565,9105.302089281477,0.9900553029855433
566,9105.737819617982,0.9959724902613871
567,9106.17359533885,0.9950128544545169
568,9106.609416444084,0.9968270132137045
569,9107.045282933681,0.9974977806967965
570,9107.48119480764,1.0011838807462703
571,9107.917152065964,0.9934402956604225
572,9108.353154708651,1.0001664302385753
573,9108.789202735703,0.9941239696436264
574,9109.225296147117,0.9942545562550391
575,9109.661434942895,1.0004795059315392
576,9110.097619123037,1.002536423320493
577,9110.533848687543,0.9976147580644811
578,9110.970123636413,0.9942855362537681
579,9111.406443969645,0.9989442621948068
580,9111.842809687241,1.0027103907464165
581,9112.279220789202,0.9980561975010086
582,9112.715677275524,0.9995876228726801
583,9113.152179146213,1.0049674178147348
584,9113.588726401264,0.998681729483972
585,9114.025319040678,1.0044134383352534
586,9114.461957064457,1.002896545404196
587,9114.898640472598,1.0057082805457962
588,9115.335369265104,1.0086519273398444
589,9115.772143441973,1.0043161791563286
590,9116.208963003206,1.0062897853201946
591,9116.645827948803,1.0086010736869055
592,9117.082738278763,1.0003425925891904
593,9117.519693993087,1.0077882932344961
594,9117.956695091774,1.0055135081236304
595,9118.393741574824,1.0085591581354678
596,9118.83083344224,1.0072348722088198
597,9119.267970694018,1.0057944506289167
598,9119.70515333016,1.004617790245879
599,9120.142381350666,1.0103041304841267
600,9120.579654755535,1.010671939288774
601,9121.016973544767,1.008480548708997
602,9121.454337718364,1.010667383231521
603,9121.891747276324,1.0139399835054426
604,9122.329202218649,1.0047495532642021
605,9122.766702545336,1.0040246347698099
606,9123.204248256387,1.0108654636014607
607,9123.641839351802,1.0122060384829523
608,9124.07947583158,1.0092127835083335
609,9124.517157695722,1.007981250075039
610,9124.954884944227,1.0088846028937626
611,9125.392657577097,1.0121724586935574
612,9125.83047559433,1.0158569021987551
613,9126.268338995926,1.0136839381889304
614,9126.706247781887,1.0046195023048115
615,9127.144201952211,1.0000494485793592
616,9127.582201506897,1.0123867947250629
617,9128.020246445949,1.0067885270355006
618,9128.458336769363,1.007324104611222
619,9128.896472477141,1.0094144610911113
620,9129.334653569284,1.009397079191729
621,9129.77288004579,1.0100608125958999
622,9130.211151906658,1.0090511253795151
623,9130.649469151893,1.0105308257612893
624,9131.087831781488,1.0166672783419584
625,9131.526239795448,1.010947702665274
626,9131.964693193773,1.013068385824809
627,9132.40319197646,1.0076313455805745
628,9132.841736143511,1.013047341959306
629,9133.280325694926,1.0102832009389302
630,9133.718960630704,1.009073902411406
631,9134.157640950847,1.0177228624117856
632,9134.596366655353,1.0101967122665818
633,9135.035137744222,1.0111239055853987
634,9135.473954217454,1.0148564583983157
635,9135.912816075052,1.0085464862120521
636,9136.351723317011,1.0144328906017852
637,9136.790675943335,1.012565291111617
638,9137.229673954023,1.0165998179608895
639,9137.668717349074,1.0171179149853997
640,9138.107806128488,1.0137005604745086
641,9138.546940292268,1.014171123789676
642,9138.986119840409,1.0110695390184723
643,9139.425344772915,1.016282955985979
644,9139.864615089784,1.0260092767131523
645,9140.303930791017,1.0222468261831401
646,9140.743291876614,1.0264055394201925
647,9141.182698346574,1.0222506550012533
648,9141.622150200898,1.0153115545539122
649,9142.061647439587,1.0172003543112837
650,9142.501190062638,1.0148346630042484
651,9142.940778070051,1.0168769962789916
652,9143.38041146183,1.0129618538148566
653,9143.820090237972,1.0099476687214963
654,9144.259814398478,1.0109325823088735
655,9144.699583943348,1.018982185249857
656,9145.139398872581,1.0128385603033374
657,9145.579259186177,1.01770871918853
658,9146.019164884137,1.0150332676826266
659,9146.459115966461,1.0101665166328941
660,9146.89911243315,1.0168157700557603
661,9147.3391542842,1.010257231196592
662,9147.779241519615,1.0084120905799465
663,9148.219374139393,1.0075151414419876
664,9148.659552143536,1.0126991680952193
665,9149.099775532042,1.017873661488558
666,9149.540044304911,1.0097815266695749
667,9149.980358462144,1.011396753355531
668,9150.420718003741,1.0153994917342095
669,9150.8611229297,1.0136857001959245
670,9151.301573240025,1.0095852786748898
671,9151.742068934713,1.0083246075954477
672,9152.182610013764,1.0085100932518167
673,9152.62319647718,1.00485268487118
674,9153.063828324957,1.0013407950768296
675,9153.504505557099,1.009763904580915
676,9153.945228173605,1.0125869174602973
677,9154.385996174475,1.0043882487431832
678,9154.826809559709,1.005760424209387
679,9155.267668329305,1.005664504245543
680,9155.708572483265,1.009533948590799
681,9156.14952202159,1.00635984065013
682,9156.590516944276,1.0051965128162195
683,9157.031557251328,1.0064903950335728
684,9157.472642942743,1.0045352885369854
685,9157.913774018522,1.0069275498964003
686,9158.354950478664,1.007777472070879
687,9158.79617232317,1.0057365266751097
688,9159.237439552038,1.0111603177537822
689,9159.678752165271,1.0101626454399963
690,9160.120110162869,1.008685245632336
691,9160.56151354483,1.007850539916579
692,9161.002962311153,1.0047086897400823
693,9161.44445646184,1.0065381336468238
694,9161.885995996892,1.009400100526383
695,9162.327580916308,1.0034034566961991
696,9162.769211220086,0.9968513665900687
697,9163.210886908228,1.005786814602203
698,9163.652607980734,1.000634548341142
699,9164.094374437604,1.0026593813827442
700,9164.536186278836,0.9994212693745927
701,9164.978043504434,1.003665144170741
702,9165.419946114394,1.002581756342057
703,9165.861894108717,1.0037287643170019
704,9166.303887487406,0.9987316915244862
705,9166.745926250456,1.0001970371507554
706,9167.188010397871,0.9954559553791518
707,9167.63013992965,1.0028625519503391
708,9168.072314845793,0.999341851866592
709,9168.514535146298,0.9951441313391798
710,9168.956800831167,1.0012004011556361
711,9169.3991119004,0.9974018920860048
712,9169.841468353998,0.9928863498462672
713,9170.283870191959,0.9908124744048727
714,9170.726317414283,0.9934966626553661
715,9171.16881002097,0.9969217739350841
716,9171.611348012022,0.9956528228313982
717,9172.053931387436,0.9958227615806947
718,9172.496560147216,0.9930166472233569
719,9172.939234291358,0.9996324070385334
720,9173.381953819864,0.9918152668223523
721,9173.824718732732,0.994931232692729
722,9174.267529029967,0.9993559900646305
723,9174.710384711563,0.9970153573265438
724,9175.153285777524,0.9892725625389128
725,9175.596232227848,0.9892437098724052
726,9176.039224062535,0.9846707489913491
727,9176.482261281586,0.9955046354407833
728,9176.925343885001,0.9964689739451588
729,9177.36847187278,0.9871580699910667
730,9177.811645244923,0.9948218437433076
731,9178.254864001428,0.9956108061394013
732,9178.698128142298,0.9890770339753064
733,9179.141437667531,0.9930779765121085
734,9179.584792577129,0.9932782522032882
735,9180.028192871088,0.9896165705943036
736,9180.471638549414,0.9857369141762398
737,9180.9151296121,0.9870439960337896
738,9181.358666059152,0.9986693637989748
739,9181.802247890568,1.0070350873942657
740,9182.245875106346,0.9970504666287684
741,9182.689547706488,0.9932181735864701
742,9183.133265690994,1.0004641473046711
743,9183.577029059863,1.0026700899755578
744,9184.020837813097,0.9981392028140201
745,9184.464691950694,1.0031990900082124
746,9184.908591472655,1.0015058531111243
747,9185.35253637898,0.9942147442583628
748,9185.796526669666,0.9918145811500949
749,9186.240562344718,0.9926523481380358
750,9186.684643404133,0.9941115418452566
751,9187.128769847912,0.9978834271632655
752,9187.572941676055,0.9948993092052791
753,9188.01715888856,0.9983143303254471
754,9188.46142148543,0.996205250122859
755,9188.905729466664,0.9907162394693572
756,9189.35008283226,0.9957150917440998
757,9189.794481582221,0.9963263091864338
758,9190.238925716545,0.9951236933490805
759,9190.683415235233,0.991734423405322
760,9191.127950138283,0.9902077820335414
761,9191.5725304257,0.9995209307911886
762,9192.017156097478,0.991086866307289
763,9192.46182715362,0.9942556213015916
764,9192.906543594127,0.9920348280313478
765,9193.351305418995,0.990532186049344
766,9193.79611262823,0.9960052668630495
767,9194.240965221827,0.9972644762906056
768,9194.685863199787,0.9909958217838037
769,9195.13080656211,0.990797696527804
770,9195.5757953088,0.994176437088389
771,9196.02082943985,0.9879505282940377
772,9196.465908955266,0.9860299772599552
773,9196.911033855044,0.9916585460547045
774,9197.356204139187,0.9886303617403627
775,9197.801419807693,0.9877386753436581
776,9198.246680860562,0.9918251053355381
777,9198.691987297796,0.9933805996930902
778,9199.137339119392,0.9944822971122397
779,9199.582736325354,0.988036355397617
780,9200.028178915678,0.9921533848584707
781,9200.473666890366,0.9891465432552295
782,9200.919200249416,0.9920139904084462
783,9201.364778992833,0.9898316665178619
784,9201.810403120611,0.9938766737263742
785,9202.256072632754,0.9914528742860915
786,9202.70178752926,0.9899722091733796
787,9203.14754781013,0.9894402439949667
788,9203.593353475362,0.9919250101484058
789,9204.03920452496,0.9956392233805622
790,9204.48510095892,0.9935112828370628
791,9204.931042777245,0.9927442334328562
792,9205.377029979933,0.9922707771538731
793,9205.823062566984,0.991503307310545
794,9206.2691405384,0.9997061966606063
795,9206.715263894179,0.9912537122893237
796,9207.16143263432,0.9942938099103398
797,9207.607646758826,0.9962991944607933
798,9208.053906267696,1.000535451912223
799,9208.50021116093,0.9955240506018915
800,9208.946561438526,0.9954782217742546
801,9209.392957100488,0.996984993441848
802,9209.839398146813,0.9946927696696434
803,9210.2858845775,0.9987519708972574
804,9210.732416392551,0.9962509810267749
805,9211.178993591966,0.999174515345868
806,9211.625616175746,0.9909392687770748
807,9212.072284143887,0.9936108174848088
808,9212.518997496394,1.0044786140298276
809,9212.965756233265,1.003544933833761
810,9213.412560354498,0.9923182277664258
811,9213.859409860095,0.9921902843505912
812,9214.306304750055,0.9969166753900363
813,9214.75324502438,1.0021685631131378
814,9215.200230683067,0.9988323384097486
815,9215.647261726119,0.9989493986263509
816,9216.094338153534,1.000513248047416
817,9216.541459965314,0.9974951459403458
818,9216.988627161456,0.9992546170074162
819,9217.435839741962,1.0005095664607577
820,9217.883097706832,0.9973851383499618
821,9218.330401056066,1.0027710452448941
822,9218.777749789662,0.9993903778859684
823,9219.225143907623,0.9930801959763194
824,9219.672583409947,0.9992742500812628
825,9220.120068296636,0.9989735107854885
826,9220.567598567688,0.9937984501311827
827,9221.015174223103,0.9935941072790413
828,9221.462795262882,0.9981196360359994
829,9221.910461687025,0.9997173940663974
830,9222.35817349553,0.9983525889525992
831,9222.8059306884,1.0004722570675288
832,9223.253733265634,0.9970513589742043
833,9223.701581227231,0.9954152097230613
834,9224.14947457319,1.0015743409367714
835,9224.597413303516,1.0015237683480738
836,9225.045397418204,1.0019543668498994
837,9225.493426917255,0.9991498383161739
838,9225.941501800671,0.9999367285484031
839,9226.38962206845,0.9985421681649176
840,9226.837787720593,1.0015802822075888
841,9227.2859987571,0.9983831307900897
842,9227.73425517797,0.9999817232249858
843,9228.182556983202,1.0064183109423663
844,9228.630904172798,0.9980183951413022
845,9229.07929674676,0.9961499235539878
846,9229.527734705085,1.0017503411718693
847,9229.976218047772,0.9953090529829738
848,9230.424746774825,0.9960548272414467
849,9230.87332088624,0.996877122119806
850,9231.321940382019,1.000348776661438
851,9231.770605262162,0.9986516592365026
852,9232.219315526667,1.005432368092385
853,9232.668071175536,0.9992400766325178
854,9233.116872208771,1.0002647346092854
855,9233.565718626367,0.999018535363529
856,9234.014610428329,1.0003660231339917
857,9234.463547614652,1.0029286604227845
858,9234.912530185342,1.0103972010374296
859,9235.361558140394,1.00412411430697
860,9235.810631479808,1.0060946371202921
861,9236.259750203588,0.999471247067539
862,9236.70891431173,1.0040371142049738
863,9237.158123804236,1.0042576017648526
864,9237.607378681107,1.0019669356205516
865,9238.05667894234,1.0017956904225886
866,9238.506024587938,1.000209834959024
867,9238.955415617898,1.002002740629992
868,9239.404852032223,0.9988049458162785
869,9239.85433383091,0.999904230483885
870,9240.303861013963,1.0010701298553601
871,9240.753433581378,1.0026891849566384
872,9241.203051533157,1.004509079617013
873,9241.652714869299,0.9999668445288761
874,9242.102423589806,0.9980415684648103
875,9242.552177694675,1.00254041349158
876,9243.001977183909,1.0064322397735936
877,9243.451822057506,0.9996346266368571
878,9243.901712315466,0.999834135510905
879,9244.351647957792,0.9997784529392859
880,9244.80162898448,1.0018561017760796
881,9245.251655395532,1.000153722915123
882,9245.701727190946,0.9990552167623734
883,9246.151844370726,1.007002863101613
884,9246.602006934869,1.001387616388482
885,9247.052214883375,1.0050665717039888
886,9247.502468216246,1.0080362352741528
887,9247.952766933478,0.9997166145918346
888,9248.403111035075,1.0012178033535226
889,9248.853500521036,1.0017376092665273
890,9249.303935391361,1.0015714799199487
891,9249.75441564605,0.9999145721294033
892,9250.204941285101,1.0042179286220234
893,9250.655512308516,1.0064309371290143
894,9251.106128716296,1.0013726901858324
895,9251.556790508439,1.0062410030634976
896,9252.007497684945,1.0016562249764824
897,9252.458250245814,1.0047748678054802
898,9252.909048191048,0.9977864104541998
899,9253.359891520646,1.0035663990520387
900,9253.810780234608,1.0029816839419898
901,9254.261714332932,1.0007484100269626
902,9254.71269381562,1.0094637197370422
903,9255.163718682672,1.0013273564337388
904,9255.614788934086,1.0065966512103435
905,9256.065904569867,1.0046962416338374
906,9256.51706559001,1.0025183954355168
907,9256.968271994516,1.0041661124839858
908,9257.419523783385,1.0000371253870086
909,9257.87082095662,0.9994730552465527
910,9258.322163514216,1.0048339321271054
911,9258.773551456177,1.004338072203062
912,9259.224984782502,0.9965693768451936
913,9259.67646349319,1.0088102636763376
914,9260.127987588243,1.01292595720767
915,9260.579557067658,1.0016490848524962
916,9261.031171931436,1.0034995806605962
917,9261.48283217958,1.0038298368060534
918,9261.934537812085,0.9973438309468798
919,9262.386288828955,1.0032420445221522
920,9262.838085230189,0.9952545799221111
921,9263.289927015787,1.0013846201513648
922,9263.741814185747,1.0045584050826144
923,9264.193746740073,1.0008958879306147
924,9264.645724678761,1.00720595004383
925,9265.097748001812,1.0012396786456106
926,9265.549816709228,1.0035882509965912
927,9266.001930801007,1.0040961593185578
928,9266.45409027715,1.0064024238355185
929,9266.906295137656,1.0030650003314008
930,9267.358545382527,1.00536657807835
931,9267.81084101176,0.9988701316139619
932,9268.263182025357,1.0014892238429685
933,9268.715568423318,1.0042257571834434
934,9269.168000205644,1.0021775466825322
935,9269.620477372331,1.0079202811294004
936,9270.072999923384,1.0006844144330307
937,9270.5255678588,0.9995567484928469
938,9270.978181178578,0.9955211910589727
939,9271.430839882722,1.0075700039558884
940,9271.883543971227,1.0046822800048878
941,9272.336293444097,0.9985503846402245
942,9272.789088301332,0.9988446827888953
943,9273.24192854293,0.9953617153767791
944,9273.69481416889,0.992732393087095
945,9274.147745179214,0.9944412248526382
946,9274.600721573903,0.9992055481737383
947,9275.053743352955,0.996801954815155
948,9275.50681051637,1.0009059026543259
949,9275.95992306415,1.0014332571673665
950,9276.413080996294,0.9927924564081896
951,9276.866284312799,0.9893635687064759
952,9277.31953301367,0.997711735761202
953,9277.772827098903,1.0022724975131967
954,9278.2261665685,1.006319786401962
955,9278.679551422461,0.9994396714145302
956,9279.132981660787,0.9921581058004874
957,9279.586457283474,1.000639129180879
958,9280.039978290526,1.0053672421417041
959,9280.493544681942,1.0072765669899844
960,9280.947156457722,0.9955744792774359
961,9281.400813617864,0.9991342169656477
962,9281.854516162372,0.9993579062157094
963,9282.308264091242,1.0016111278928395
964,9282.762057404474,1.0039381155102354
965,9283.215896102072,0.9960075558926228
966,9283.669780184033,0.9960180792295643
967,9284.123709650357,0.997929063850284
968,9284.577684501046,0.9965763155732916
969,9285.031704736099,0.9983138884552566
970,9285.485770355514,0.9959339062992173
971,9285.939881359294,0.9990585894899942
972,9286.394037747436,1.0024359655554504
973,9286.848239519943,1.000509237834025
974,9287.302486676814,0.9945031721569728
975,9287.756779218047,0.9981555567212508
976,9288.211117143645,1.0030088515750484
977,9288.665500453606,0.9976890547639765
978,9289.11992914793,0.9890713591953384
979,9289.57440322662,1.0004948387074912
980,9290.028922689671,0.9988439925214991
981,9290.483487537087,0.994295419818122
982,9290.938097768865,0.9971860538338675
983,9291.39275338501,0.9994012191320418
984,9291.847454385515,0.9953202864845612
985,9292.302200770386,0.9949353172586023
986,9292.75699253962,0.9998385822033813
987,9293.211829693217,0.9992426145885388
988,9293.666712231177,0.9923317960482141
989,9294.121640153502,0.9969800493042771
990,9294.57661346019,0.9974659599790432
991,9295.031632151244,0.9964086601482541
992,9295.486696226659,0.9976128837977384
993,9295.941805686438,0.9977073024954599
994,9296.396960530581,0.9994313097437416
995,9296.852160759088,0.9996598162240848
996,9297.307406371958,0.999110183158401
997,9297.762697369193,0.9989780898544754
998,9298.218033750789,1.0015640202691607
999,9298.67341551675,1.000245031425689
1000,9299.128842667076,0.9969272464767541
1001,9299.584315201764,0.9995642073670762
1002,9300.039833120816,0.9983914969481469
1003,9300.495396424232,0.9940769149123831
1004,9300.951005112012,0.9967910593220394
1005,9301.406659184155,0.9982502176331088
1006,9301.862358640661,1.002786762899918
1007,9302.318103481532,0.9921252835046048
1008,9302.773893706766,0.9972877053443165
1009,9303.229729316363,0.9945078290721652
1010,9303.685610310324,0.9975877968182425
1011,9304.141536688649,0.9958746645325556
1012,9304.597508451337,0.9910483409794014
1013,9305.053525598389,0.9934751977290248
1014,9305.509588129806,0.9982782770989278
1015,9305.965696045585,0.9930223447066088
1016,9306.421849345728,1.0045734853351895
1017,9306.878048030234,0.998502651010518
1018,9307.334292099105,0.9979257928803893
1019,9307.790581552339,1.0058040856811252
1020,9308.246916389937,1.0020399212270517
1021,9308.703296611897,0.9989420410198304
1022,9309.159722218223,0.9953039240506047
1023,9309.61619320891,0.9978450779971848
1024,9310.072709583963,1.0008460797559016
1025,9310.52927134338,0.996890358479573
1026,9310.985878487158,1.003828566641523
1027,9311.442531015302,0.9973329949499092
1028,9311.899228927809,0.9992381236806318
1029,9312.35597222468,0.9976682098942162
1030,9312.812760905912,0.9995897057240286
1031,9313.26959497151,1.0043907362077937
1032,9313.726474421472,1.0037931488702339
1033,9314.183399255797,0.9965393647042728
1034,9314.640369474484,0.9965984446043834
1035,9315.097385077537,0.9920525445650454
1036,9315.554446064953,0.9906416646401375
1037,9316.011552436732,0.9961192402797654
1038,9316.468704192876,0.9900963392636746
1039,9316.925901333381,0.9899579292557278
1040,9317.383143858253,0.9898263674355893
1041,9317.840431767487,0.9984625946224338
1042,9318.297765061085,1.0054164976258344
1043,9318.755143739045,0.9950294935379077
1044,9319.21256780137,0.9909486071341775
1045,9319.670037248059,0.9974918898695361
1046,9320.127552079111,0.9986808719308095
1047,9320.585112294526,1.0002062652725976
1048,9321.042717894306,0.9951077586880757
1049,9321.500368878449,0.997889169552937
1050,9321.958065246956,0.9956860551970861
1051,9322.415806999827,0.9988964340537745
1052,9322.873594137061,0.9964479723531305
1053,9323.331426658659,0.9981799708903878
1054,9323.78930456462,0.9966836227326572
1055,9324.247227854945,0.9969138696315842
1056,9324.705196529632,0.9977661519967626
1057,9325.163210588686,1.0005693049497362
1058,9325.621270032101,0.9980618712067583
1059,9326.07937485988,0.9972327980905338
1060,9326.537525072024,0.9982965534207405
1061,9326.99572066853,0.9953891675525017
1062,9327.4539616494,0.9955319201280242
1063,9327.912248014634,0.9980769482982138
1064,9328.370579764232,0.9963630786061541
1065,9328.828956898195,0.9964400656799124
1066,9329.287379416519,0.9935432180744139
1067,9329.745847319207,1.0026997998580545
1068,9330.20436060626,1.000320084645905
1069,9330.662919277676,0.9943916457227069
1070,9331.121523333455,1.0016992726192977
1071,9331.580172773598,1.0014533917251711
1072,9332.038867598105,1.0040879089750039
1073,9332.497607806976,0.9965038003694474
1074,9332.95639340021,0.9943250812424894
1075,9333.415224377808,1.0016392594056664
1076,9333.87410073977,0.9989730429794789
1077,9334.333022486095,1.000300755912058
1078,9334.791989616782,0.9973005804138786
1079,9335.251002131836,0.9990832755908041
1080,9335.710060031251,0.9952889174964206
1081,9336.169163315031,0.997944990973792
1082,9336.628311983173,1.0011662986087688
1083,9337.087506035681,1.0012144044264149
1084,9337.546745472551,1.002167069862423
1085,9338.006030293785,1.0041398921914908
1086,9338.465360499384,1.0007816727195165
1087,9338.924736089344,1.0002498495705416
1088,9339.384157063669,0.9941353027297937
1089,9339.843623422359,0.9966725206968157
1090,9340.30313516541,0.9986543892097214
1091,9340.762692292827,0.9994954509485983
1092,9341.222294804606,0.9993258511131013
1093,9341.681942700749,1.0024669918049152
1094,9342.141635981256,0.993815489616297
1095,9342.601374646127,0.9978723485183026
1096,9343.06115869536,1.0029018423864686
1097,9343.52098812896,0.9968455400497479
1098,9343.98086294692,0.9978861632609262
1099,9344.440783149244,1.0019976612683779
1100,9344.900748735934,1.0071431592887938
1101,9345.360759706986,1.0009888195282144
1102,9345.820816062402,0.9987303071935026
1103,9346.280917802182,0.9996109897628039
1104,9346.741064926326,1.0051015334212061
1105,9347.201257434832,1.000887540300123
1106,9347.661495327702,1.0005170445477891
1107,9348.121778604936,1.0011387393331022
1108,9348.582107266535,1.000844750265248
1109,9349.042481312496,0.9973202274907947
1110,9349.50290074282,1.0014082151858394
1111,9349.963365557509,0.9982847019504912
1112,9350.423875756562,0.9965760334744964
1113,9350.884431339979,1.005072724907992
1114,9351.345032307758,0.9965609775460604
1115,9351.8056786599,0.9995008138349057
1116,9352.266370396408,0.9997769678011654
1117,9352.72710751728,0.9996526831526984
1118,9353.187890022513,0.9980400098678027
1119,9353.64871791211,1.0020292406809137
1120,9354.109591186072,0.9977784715306817
1121,9354.570509844398,0.9991376969743873
1122,9355.031473887086,0.9946953543086305
1123,9355.492483314138,0.9959655380734527
1124,9355.953538125554,0.995989824047957
1125,9356.414638321334,0.9973297407029769
1126,9356.875783901478,1.00045752704986
1127,9357.336974865984,1.0002364522399758
1128,9357.798211214855,0.999331818937414
1129,9358.25949294809,0.9995245551012277
1130,9358.720820065688,1.0037198518092763
1131,9359.182192567649,1.004421098680032
1132,9359.643610453973,1.0032497065877526
1133,9360.105073724662,0.9962546230702762
1134,9360.566582379715,1.0022707109921034
1135,9361.02813641913,0.9988749807085792
1136,9361.489735842912,1.001202414647166
1137,9361.951380651055,0.9991091803992437
1138,9362.41307084356,1.001983233175925
1139,9362.874806420432,1.0062294980895357
1140,9363.336587381666,1.0031337180342363
1141,9363.798413727263,1.0026992965307366
1142,9364.260285457225,1.0026021958372162
1143,9364.722202571551,1.0026887430198848
1144,9365.184165070239,0.9969015372917255
1145,9365.646172953291,0.9998075194826358
1146,9366.108226220707,1.0030230722123008
1147,9366.570324872488,1.000215742298833
1148,9367.03246890863,1.0016276428317612
1149,9367.494658329138,0.996888110982506
1150,9367.956893134009,0.9992346772967968
1151,9368.419173323244,1.0001023339719468
1152,9368.88149889684,1.0079976269358981
1153,9369.343869854802,1.0013518925848102
1154,9369.806286197128,1.002442003632038
1155,9370.268747923816,1.0000025567269368
1156,9370.731255034869,1.0024233135253298
1157,9371.193807530286,1.0010529835778321
1158,9371.656405410065,1.0014790084562157
1159,9372.119048674209,1.0029763981800248
1160,9372.581737322715,1.0058324155493903
1161,9373.044471355586,1.0049478157424407
1162,9373.50725077282,1.0000647036943278
1163,9373.970075574418,1.0072140422752343
1164,9374.43294576038,1.0028816832080416
1165,9374.895861330706,1.005082809042599
1166,9375.358822285394,1.0099090414093026
1167,9375.821828624446,1.00523371933024
1168,9376.284880347863,1.0039203729463746
1169,9376.747977455643,1.00104767614736
1170,9377.211119947786,1.0038222633800284
1171,9377.674307824293,1.00177597802142
1172,9378.137541085163,0.9995081260983919
1173,9378.600819730398,0.9955918317387705
1174,9379.064143759995,0.9955219373740071
1175,9379.527513173958,0.9944336855397825
1176,9379.990927972283,0.9969687529015088
1177,9380.454388154973,0.9932110245957804
1178,9380.917893722024,0.9950332443823522
1179,9381.381444673441,1.002429098202826
1180,9381.845041009221,1.002770985564954
1181,9382.308682729365,0.9973403043639651
1182,9382.77236983387,0.9983682171124058
1183,9383.236102322742,1.0059340986049512
1184,9383.699880195976,1.0033161103195327
1185,9384.163703453574,1.007664764958632
1186,9384.627572095536,1.002481287056368
1187,9385.09148612186,1.0082825284750394
1188,9385.55544553255,1.000527771324031
1189,9386.019450327603,1.0038861157365906
1190,9386.483500507018,1.004460476048631
1191,9386.947596070799,0.9996531279431209
1192,9387.411737018941,1.006722938577707
1193,9387.875923351448,1.004846569380073
1194,9388.34015506832,1.001636156038813
1195,9388.804432169554,1.0030898666829455
1196,9389.268754655153,1.004355454493762
1197,9389.733122525115,1.0047633485280236
1198,9390.19753577944,1.005121342248081
1199,9390.661994418128,1.004332751349342
1200,9391.126498441181,1.0002341184681542
1201,9391.591047848597,1.0006985663567391
1202,9392.055642640376,1.0037269338201773
1203,9392.52028281652,1.0029169634955148
1204,9392.984968377028,1.0007326758905668
1205,9393.449699321898,1.0027035301477079
1206,9393.914475651132,1.0004833569718818
1207,9394.37929736473,1.0016684657814101
1208,9394.844164462693,1.0004626658429372
1209,9395.309076945017,1.005955206015313
1210,9395.774034811708,1.002310753601821
