Data,Energy,0
0,8866.371181979897,0.008602607035263493
1,8866.781270150947,0.019266043736635596
2,8867.19140370636,0.010209155126995915
3,8867.601582646137,0.0009918801313941006
4,8868.011806970277,0.009535863505407194
5,8868.422076678782,0.003279302258827224
6,8868.83239177165,0.003339883683124492
7,8869.24275224888,-0.007001854945331011
8,8869.653158110475,0.006563665707454084
9,8870.063609356434,0.00780941406093782
10,8870.474105986756,0.00808425631893782
11,8870.884648001442,0.012502098729562759
12,8871.295235400492,0.0030610831245238
13,8871.705868183904,0.009213532384059425
14,8872.116546351683,0.007269018460437945
15,8872.527269903821,0.005060106401506026
16,8872.938038840326,0.0027721648491409803
17,8873.348853161195,0.005027350952861962
18,8873.759712866426,0.009136444655582074
19,8874.17061795602,0.011585817401553471
20,8874.58156842998,0.010511663780751216
21,8874.9925642883,0.008135044449941448
22,8875.403605530988,0.0013243815911692415
23,8875.814692158037,0.0016042719806079785
24,8876.22582416945,0.008869979212944336
25,8876.637001565226,0.0017986655877720594
26,8877.048224345368,0.002943359874463631
27,8877.459492509872,0.0008504628362070016
28,8877.87080605874,0.004522770873953781
29,8878.282164991972,0.0023849306278604624
30,8878.693569309566,0.006333625506165364
31,8879.105019011526,0.00373259740238389
32,8879.516514097848,0.0030182710294812116
33,8879.928054568534,0.007935918943980866
34,8880.339640423583,0.0091726150835226
35,8880.751271662995,0.005453781793329155
36,8881.162948286774,0.006699405525776541
37,8881.574670294915,-0.009242148391783835
38,8881.986437687417,-0.006455749890972107
39,8882.398250464286,0.0002831006322690146
40,8882.810108625517,0.005504145663359349
41,8883.222012171113,0.0017344957396481907
42,8883.633961101072,0.005066804732166637
43,8884.045955415393,-0.002038382300517674
44,8884.457995114079,0.004585530416269275
45,8884.870080197128,-0.006495432740048298
46,8885.282210664542,0.001823323090299921
47,8885.69438651632,-0.0034232007832865237
48,8886.10660775246,0.009893678868627654
49,8886.518874372963,0.0033039833015119477
50,8886.931186377831,0.0015696242213985223
51,8887.343543767063,0.0038658325332912467
52,8887.75594654066,0.009074393139559689
53,8888.168394698618,0.007107621824372122
54,8888.58088824094,-0.005250414633850622
55,8888.993427167627,-0.007060902971350331
56,8889.406011478675,-0.011531418075236891
57,8889.818641174088,-0.008594887189334106
58,8890.231316253865,-0.0036549577389537106
59,8890.644036718006,0.009904050250472016
60,8891.05680256651,0.001920353453182932
61,8891.469613799378,-0.0035633950159026763
62,8891.882470416609,-0.0020045040051924166
63,8892.295372418204,0.0011539904398423996
64,8892.708319804164,-0.0047117354851011406
65,8893.121312574487,-0.0008671611230481121
66,8893.534350729173,-0.004890176743415412
67,8893.947434268222,-0.00944419957147451
68,8894.360563191636,-0.001939516574953489
69,8894.773737499412,0.004385223058473089
70,8895.186957191552,0.0012821161843330738
71,8895.600222268058,-0.0024106809740069308
72,8896.013532728924,-0.001959348485668778
73,8896.426888574157,-0.01098185932271358
74,8896.840289803751,-0.005227652977967422
75,8897.253736417711,-0.005404636816346412
76,8897.667228416034,-0.001426130947699174
77,8898.080765798719,-0.0016888725455798735
78,8898.49434856577,-0.01399118259954445
79,8898.907976717182,-0.007509542802088954
80,8899.32165025296,-0.00893462548735603
81,8899.7353691731,-0.009085517652363224
82,8900.149133477604,-0.011730064271666875
83,8900.562943166473,-0.006232534752567669
84,8900.976798239704,-0.008011338537604044
85,8901.3906986973,-0.006232252334694807
86,8901.804644539257,-0.009273940620976055
87,8902.218635765581,-0.011368919046939681
88,8902.632672376267,-0.010680961423002958
89,8903.046754371317,-0.008375352522862116
90,8903.46088175073,-0.0024273311864182706
91,8903.875054514507,-0.006838342741140608
92,8904.289272662647,0.003003183949765718
93,8904.703536195151,-0.005594791459465693
94,8905.11784511202,-0.0014298126789400642
95,8905.532199413252,9.160479810394005e-05
96,8905.946599098846,0.0002725449335506505
97,8906.361044168805,0.002258174734070988
98,8906.775534623128,-0.008159037553774218
99,8907.190070461815,-0.01012017582142891
100,8907.604651684864,-0.004886171933843558
101,8908.019278292277,-0.0005698668460565296
102,8908.433950284054,0.004502833951714922
103,8908.848667660195,0.003376126015988829
104,8909.2634304207,-0.0011014982193643854
105,8909.678238565568,-0.0028849234616241865
106,8910.0930920948,-0.006873354480991989
107,8910.507991008395,-0.0049688066700534755
108,8910.922935306353,-0.0020727590295678312
109,8911.337924988677,0.0003876078392902909
110,8911.752960055363,0.000612022444908105
111,8912.168040506413,-0.0021346774195445425
112,8912.583166341825,-0.0006373852148369547
113,8912.998337561603,0.0019443406766342349
114,8913.413554165743,0.006843656060482724
115,8913.828816154248,-0.0064344549054532645
116,8914.244123527116,-0.0011920768727564758
117,8914.659476284347,-0.0019270216659457357
118,8915.074874425942,0.0005536719501376313
119,8915.4903179519,0.0037351929082742583
120,8915.905806862223,0.001552308907058226
121,8916.32134115691,-0.007824442441766177
122,8916.73692083596,-0.002867468166429947
123,8917.152545899373,0.002930006251947812
124,8917.56821634715,-0.002027201169757088
125,8917.983932179292,-0.00020844757187106705
126,8918.399693395795,-0.00673575777974319
127,8918.815499996665,-0.008090168988241971
128,8919.231351981896,-0.009439892847184963
129,8919.64724935149,0.0023382270094207554
130,8920.06319210545,0.0005128806006968467
131,8920.479180243772,-0.00843120407956401
132,8920.895213766458,-0.005275113171197182
133,8921.311292673508,-0.00844209543797141
134,8921.727416964923,-0.01251066001292966
135,8922.1435866407,-0.004230700041227952
136,8922.55980170084,-0.0018074312294419682
137,8922.976062145344,0.0030332995376919393
138,8923.392367974213,0.001509272088323884
139,8923.808719187444,-0.008573367836116192
140,8924.225115785039,-0.00820625299357815
141,8924.641557766998,-0.0052865380910613845
142,8925.05804513332,-0.002153582894316954
143,8925.474577884008,-0.0010012034362409069
144,8925.891156019057,-0.0011779731669109908
145,8926.30777953847,-0.0009037395180672037
146,8926.724448442248,-0.006817675111909537
147,8927.14116273039,-0.001889469623354359
148,8927.557922402893,-0.009131559320294795
149,8927.974727459761,-0.0033280313203318352
150,8928.391577900993,-0.007892585788248729
151,8928.808473726589,-0.00052102144950132
152,8929.225414936547,-0.003338025956651547
153,8929.642401530871,0.0020862583829984052
154,8930.059433509557,-0.008771137877047433
155,8930.476510872606,-0.003561815578578138
156,8930.89363362002,-0.007100144543975849
157,8931.310801751797,-0.00549145434242455
158,8931.728015267938,-0.002945993366710845
159,8932.145274168442,-0.006574367265718186
160,8932.562578453311,0.0014539321374601095
161,8932.979928122542,-0.008070931304716358
162,8933.397323176137,-0.00043894519555128214
163,8933.814763614097,0.005679523695306914
164,8934.23224943642,-0.0003811217268692073
165,8934.649780643105,-0.00037205793949757486
166,8935.067357234157,0.0031104312698958343
167,8935.48497920957,0.0035708551481744726
168,8935.902646569346,-0.0004367614942983682
169,8936.320359313488,-0.0049905070253853925
170,8936.738117441992,-0.007527525382689784
171,8937.15592095486,-0.005851358884925563
172,8937.573769852092,0.002011718215862805
173,8937.991664133688,4.3906918992573686e-05
174,8938.409603799646,-0.010512251369315941
175,8938.82758884997,-0.006929995358362111
176,8939.245619284657,0.009194203114077424
177,8939.663695103705,0.005480098804612114
178,8940.08181630712,-0.003676496562249335
179,8940.499982894897,0.007086718646629853
180,8940.918194867038,0.0029871788327480654
181,8941.336452223542,-0.0025650936969567914
182,8941.75475496441,0.00232128651611363
183,8942.173103089643,0.002638598434646488
184,8942.591496599238,0.0009465343904019783
185,8943.009935493197,-0.005458118255118096
186,8943.428419771519,-0.0015925563904344272
187,8943.846949434206,-0.0026381718230786364
188,8944.265524481256,-0.009084900712494912
189,8944.68414491267,-0.0025520794201980296
190,8945.102810728447,-0.003674909935206352
191,8945.521521928587,-0.0032977552258283294
192,8945.940278513091,3.2326373847742316e-05
193,8946.35908048196,0.006073380468110975
194,8946.777927835192,0.003229133907879884
195,8947.196820572788,-0.008033538262544592
196,8947.615758694747,-0.00037892471158790215
197,8948.03474220107,-0.0022051988505567837
198,8948.453771091756,-0.002697750944412572
199,8948.872845366806,-0.004576151025059132
200,8949.29196502622,-0.014919286831595217
201,8949.711130069998,-0.008542063410562472
202,8950.130340498139,-0.0006231628051403169
203,8950.549596310642,0.005708431098012093
204,8950.968897507511,-0.005934402313539741
205,8951.388244088743,-0.003547594428081632
206,8951.807636054338,0.0027297306706311657
207,8952.227073404298,0.007963783748130612
208,8952.646556138621,0.0035074299517741346
209,8953.066084257307,-0.005265494994726225
210,8953.485657760357,0.0013084458115913
211,8953.90527664777,-0.00244782835980483
212,8954.324940919549,-0.0017259140782177377
213,8954.744650575689,0.0009382916946916483
214,8955.164405616193,0.010990932102557579
215,8955.584206041061,0.0021527041074459177
216,8956.004051850294,0.0010464176028440473
217,8956.42394304389,0.003576019571953184
218,8956.843879621849,-0.006478222339225717
219,8957.263861584172,0.0036755282131258602
220,8957.683888930858,0.005005268954513743
221,8958.103961661907,0.008419838489500061
222,8958.524079777322,0.0035988930092826746
223,8958.9442432771,0.0003680777715559173
224,8959.36445216124,0.00991258860076171
225,8959.784706429744,0.00343546202487924
226,8960.205006082613,0.009661419879070272
227,8960.625351119845,0.004558367759233968
228,8961.04574154144,0.004573146532881095
229,8961.4661773474,0.00794755112471437
230,8961.886658537722,0.0037952999642622124
231,8962.30718511241,0.010296804699704993
232,8962.72775707146,0.001471495915944024
233,8963.148374414874,0.003848003126186296
234,8963.56903714265,0.009747085163359247
235,8963.989745254792,0.011984044634303954
236,8964.410498751296,0.005290857833000248
237,8964.831297632165,0.004787826477343641
238,8965.252141897396,0.0010214113202566561
239,8965.673031546992,0.006093118961544092
240,8966.093966580951,0.0020020762523434202
241,8966.514946999274,0.0030674152499324016
242,8966.93597280196,0.0018564013046153403
243,8967.35704398901,0.0018197247963811637
244,8967.778160560425,0.01490339455044786
245,8968.199322516202,0.013906173502091276
246,8968.620529856344,0.017419834923749405
247,8969.041782580847,0.004444775050334953
248,8969.463080689717,0.012908741472316462
249,8969.884424182948,0.006786095492042124
250,8970.305813060544,0.013644296729370398
251,8970.727247322504,0.02286245953647168
252,8971.148726968826,0.010564300763317994
253,8971.570251999512,0.014445053100600418
254,8971.991822414562,0.0197862551408879
255,8972.413438213976,0.016267927301395976
256,8972.835099397755,0.017713466635091893
257,8973.256805965895,0.027414871270684024
258,8973.6785579184,0.028809427026863028
259,8974.100355255268,0.026577819469360005
260,8974.522197976501,0.03254029880212185
261,8974.944086082096,0.029011911061532822
262,8975.366019572055,0.043889690594288475
263,8975.787998446378,0.04189130332340095
264,8976.210022705065,0.0438078000707008
265,8976.632092348114,0.049401167098907336
266,8977.05420737553,0.05906068669938277
267,8977.476367787307,0.06040814099220339
268,8977.898573583447,0.06688422041516774
269,8978.320824763952,0.099293528572202
270,8978.74312132882,0.14392766957613656
271,8979.165463278052,0.176083463194262
272,8979.587850611648,0.20960368262061901
273,8980.010283329608,0.2371946059551911
274,8980.43276143193,0.2627074017057137
275,8980.855284918618,0.270751571555702
276,8981.277853789667,0.2816732617135119
277,8981.700468045081,0.29454925138810145
278,8982.12312768486,0.3098344095947
279,8982.545832709,0.31367775547059784
280,8982.968583117505,0.33096854215852634
281,8983.391378910374,0.3609351136759386
282,8983.814220087605,0.38847529370566564
283,8984.237106649201,0.4240082645649478
284,8984.66003859516,0.4714999283627767
285,8985.083015925484,0.5101191773481766
286,8985.50603864017,0.5503963935136875
287,8985.92910673922,0.5999356365244845
288,8986.352220222634,0.651815500545956
289,8986.775379090412,0.6970188812033924
290,8987.198583342553,0.7405680441137799
291,8987.621832979057,0.7886994777308669
292,8988.045127999927,0.8324914554523699
293,8988.468468405159,0.8866267591775105
294,8988.891854194753,0.9382386166224816
295,8989.315285368713,0.9935758774459582
296,8989.738761927036,1.0530413885509309
297,8990.162283869724,1.1092480047469242
298,8990.585851196773,1.1688521209512919
299,8991.009463908187,1.2241188447135425
300,8991.433122003966,1.2613677781031485
301,8991.856825484107,1.2937808175013708
302,8992.280574348611,1.3247077751063685
303,8992.704368597479,1.345176374457243
304,8993.128208230712,1.3519360218699017
305,8993.552093248307,1.363256823335686
306,8993.976023650266,1.3591881447701577
307,8994.39999943659,1.346897351548881
308,8994.824020607277,1.337783045567484
309,8995.248087162327,1.3266714558653714
310,8995.67219910174,1.311422728763084
311,8996.096356425518,1.2930100889160894
312,8996.52055913366,1.2871440887237098
313,8996.944807226164,1.2639880805883417
314,8997.369100703034,1.237865047158548
315,8997.793439564266,1.2143618153317057
316,8998.21782380986,1.206186665113857
317,8998.64225343982,1.1952574759357681
318,8999.066728454143,1.1711132508711988
319,8999.49124885283,1.1497842914047216
320,8999.91581463588,1.136111809235892
321,9000.340425803295,1.106810747097637
322,9000.765082355072,1.0891813188703003
323,9001.189784291213,1.0673520408719135
324,9001.614531611718,1.0516291862611937
325,9002.039324316587,1.0431313613590496
326,9002.464162405819,1.030084415996563
327,9002.889045879416,1.024964917802988
328,9003.313974737375,1.0203098048406245
329,9003.738948979697,0.9982247815515586
330,9004.163968606385,0.9923658888183253
331,9004.589033617434,0.9873436332528964
332,9005.014144012848,0.9809545902061197
333,9005.439299792626,0.9788968658979147
334,9005.864500956768,0.9750279563071682
335,9006.289747505272,0.9694952184422518
336,9006.71503943814,0.9606275386407415
337,9007.140376755373,0.9606884984482732
338,9007.56575945697,0.9566829210809701
339,9007.991187542928,0.9507242389097139
340,9008.416661013252,0.9410863422681277
341,9008.84217986794,0.9452834519839419
342,9009.26774410699,0.9325148033171278
343,9009.693353730403,0.9302023358176468
344,9010.11900873818,0.9257639991989262
345,9010.544709130321,0.9289210105382694
346,9010.970454906826,0.9252634298673796
347,9011.396246067696,0.9327649461292685
348,9011.822082612927,0.9183306318589666
349,9012.247964542525,0.9080630319993266
350,9012.673891856484,0.9164781622199749
351,9013.099864554806,0.9104373329896409
352,9013.525882637494,0.9096405429366615
353,9013.951946104544,0.8957515152644733
354,9014.378054955958,0.8966970642765739
355,9014.804209191736,0.8960580293246139
356,9015.230408811876,0.8910235442516855
357,9015.656653816382,0.8910716048383529
358,9016.08294420525,0.8832906566685642
359,9016.509279978483,0.8855811415601864
360,9016.935661136078,0.8838646232796081
361,9017.362087678039,0.8764881879023918
362,9017.788559604362,0.8789455474357597
363,9018.215076915048,0.8691267596720241
364,9018.6416396101,0.8653131300214127
365,9019.068247689513,0.8696412745631164
366,9019.49490115329,0.8788181275912009
367,9019.921600001431,0.8723548132252971
368,9020.348344233937,0.8624766540718081
369,9020.775133850806,0.8697294624619871
370,9021.201968852038,0.8653296185398026
371,9021.628849237633,0.8675164669270661
372,9022.055775007593,0.8605350324354799
373,9022.482746161917,0.8689833916536658
374,9022.909762700603,0.8783686983315422
375,9023.336824623653,0.8719985352603055
376,9023.763931931067,0.8784087828633813
377,9024.191084622846,0.8801155971944881
378,9024.618282698988,0.8810048804825834
379,9025.045526159493,0.8918110023079759
380,9025.472815004361,0.8910619227346046
381,9025.900149233594,0.8947759787952885
382,9026.327528847189,0.8974322508296786
383,9026.75495384515,0.9028586353601926
384,9027.182424227472,0.9084492385998975
385,9027.60993999416,0.9093084184038074
386,9028.037501145209,0.9159499538363423
387,9028.465107680624,0.9203209008390709
388,9028.892759600401,0.9378414203422374
389,9029.320456904543,0.9361327447515208
390,9029.748199593048,0.9382334945216488
391,9030.175987665916,0.9484401764814022
392,9030.60382112315,0.9512757763991959
393,9031.031699964746,0.9518901364711857
394,9031.459624190706,0.9552298872365873
395,9031.887593801028,0.9604608197728243
396,9032.315608795716,0.9723684945157021
397,9032.743669174766,0.9759464563718208
398,9033.17177493818,0.9769164901747509
399,9033.599926085957,0.9868852535958781
400,9034.0281226181,0.9891731235422431
401,9034.456364534604,0.9937314419940345
402,9034.884651835473,0.9995637326417826
403,9035.312984520706,1.0116039468213702
404,9035.741362590301,1.0078829049891955
405,9036.169786044262,1.0153493381381935
406,9036.598254882585,1.0147401040388746
407,9037.02676910527,1.0200262073857242
408,9037.455328712322,1.0266665223970972
409,9037.883933703735,1.0282223200956593
410,9038.312584079515,1.0343802102160544
411,9038.741279839656,1.0384158172223898
412,9039.17002098416,1.0315291992311224
413,9039.59880751303,1.0357241858063178
414,9040.027639426262,1.0347399965638613
415,9040.456516723858,1.0400989626766894
416,9040.885439405818,1.0371386390567938
417,9041.31440747214,1.0418786196835348
418,9041.743420922829,1.0427184130599665
419,9042.172479757879,1.0419287690334533
420,9042.601583977292,1.0403254602156253
421,9043.03073358107,1.0411259512921753
422,9043.459928569213,1.0419664658047691
423,9043.889168941718,1.0514364002292091
424,9044.318454698587,1.0534476161085586
425,9044.747785839818,1.0533816530568538
426,9045.177162365415,1.0474805553264024
427,9045.606584275374,1.0517481882592914
428,9046.036051569698,1.0574235424329987
429,9046.465564248385,1.057495788318277
430,9046.895122311435,1.0542691744681234
431,9047.32472575885,1.0535956060142027
432,9047.754374590628,1.0609921168892154
433,9048.18406880677,1.0635803205691945
434,9048.613808407274,1.0492977276689848
435,9049.043593392144,1.051753982518688
436,9049.473423761376,1.0473648728750233
437,9049.903299514972,1.0430959805101412
438,9050.333220652932,1.0437196940738365
439,9050.763187175255,1.0445039247900496
440,9051.193199081941,1.0472777764006276
441,9051.623256372992,1.0549710053596035
442,9052.053359048406,1.0466271630306119
443,9052.483507108185,1.049630762936642
444,9052.913700552326,1.047101850372906
445,9053.343939380831,1.0562027764900084
446,9053.7742235937,1.0551074232780975
447,9054.204553190933,1.0497248513292208
448,9054.634928172529,1.0423021826585384
449,9055.065348538488,1.0491694564548335
450,9055.495814288812,1.0477873882154642
451,9055.9263254235,1.0508805485550923
452,9056.356881942549,1.0469151465839315
453,9056.787483845965,1.043917889535757
454,9057.218131133743,1.0389505674680946
455,9057.648823805885,1.0428565034847663
456,9058.079561862389,1.0346022858304869
457,9058.510345303257,1.045540075998432
458,9058.941174128491,1.0400961057184785
459,9059.372048338086,1.0404517291298314
460,9059.802967932046,1.033839864502057
461,9060.23393291037,1.0392539760243533
462,9060.664943273057,1.0307783431567556
463,9061.095999020108,1.0374001971278863
464,9061.527100151521,1.0395103819821854
465,9061.9582466673,1.0375380826957286
466,9062.389438567441,1.0364771318732506
467,9062.820675851946,1.0279213067504571
468,9063.251958520816,1.0298273207979585
469,9063.683286574049,1.0210885276329211
470,9064.114660011644,1.026722909251792
471,9064.546078833604,1.026848976653494
472,9064.977543039928,1.0239922407874316
473,9065.409052630615,1.0255544952707392
474,9065.840607605665,1.0180962044601392
475,9066.27220796508,1.0232722276393824
476,9066.703853708857,1.024720191220144
477,9067.135544837,1.0246432655592068
478,9067.567281349506,1.0251614974659853
479,9067.999063246374,1.0225020924391444
480,9068.430890527607,1.0140973806353188
481,9068.862763193203,1.0204521697972773
482,9069.294681243162,1.0141698768449192
483,9069.726644677487,1.012858770702743
484,9070.158653496173,1.0053761296195143
485,9070.590707699224,1.0094753091986206
486,9071.02280728664,1.006816395817527
487,9071.454952258417,1.006327540707996
488,9071.887142614558,1.0029462002279543
489,9072.319378355063,1.0078120620742128
490,9072.751659479933,1.002418881483549
491,9073.183985989166,1.0017493915701243
492,9073.616357882762,1.000787173857427
493,9074.048775160722,1.0047961783800474
494,9074.481237823045,1.0015625017770857
495,9074.913745869731,1.0084476941095044
496,9075.346299300783,1.0023215018650578
497,9075.778898116198,0.9929855369963325
498,9076.211542315976,0.9887849411427059
499,9076.644231900116,0.9913362692175129
500,9077.076966868623,0.9864158246604329
501,9077.509747221491,0.9887105079022356
502,9077.942572958724,0.9847245498019261
503,9078.37544408032,0.9946791933740404
504,9078.80836058628,0.9909239517948749
505,9079.241322476604,0.9860679481494925
506,9079.674329751291,0.9856277859381086
507,9080.107382410342,0.9808033724140528
508,9080.540480453756,0.9832207503925214
509,9080.973623881535,0.9842631391062471
510,9081.406812693676,0.979665296574868
511,9081.840046890182,0.9806823071595699
512,9082.273326471051,0.9745922539325044
513,9082.706651436283,0.9752407062874304
514,9083.140021785879,0.9776902959810083
515,9083.573437519839,0.9809268710621325
516,9084.006898638163,0.9766150917390103
517,9084.440405140851,0.9769596332182349
518,9084.873957027901,0.9782586995277309
519,9085.307554299316,0.9757770421999935
520,9085.741196955094,0.9775022766379141
521,9086.174884995236,0.9789742555441836
522,9086.608618419741,0.9731703090017116
523,9087.04239722861,0.9772817830608393
524,9087.476221421843,0.9784066184482141
525,9087.91009099944,0.9769674705616163
526,9088.344005961399,0.9747467744598377
527,9088.777966307724,0.9730954382142375
528,9089.21197203841,0.9819678825400324
529,9089.64602315346,0.983474268463675
530,9090.080119652876,0.9757964816232668
531,9090.514261536653,0.9724114584236911
532,9090.948448804795,0.9730855838897023
533,9091.3826814573,0.9765624947496263
534,9091.81695949417,0.975014637678312
535,9092.251282915402,0.9793992802099991
536,9092.685651720998,0.9859852833764107
537,9093.120065910958,0.980330012443992
538,9093.554525485282,0.9831778126048254
539,9093.98903044397,0.9770832682609976
540,9094.423580787021,0.9822177707285973
541,9094.858176514435,0.9786177646890548
542,9095.292817626214,0.9796458752315715
543,9095.727504122355,0.9815104902044149
544,9096.162236002861,0.9852429093105315
545,9096.59701326773,0.9807842459285643
546,9097.031835916963,0.9919032623222065
547,9097.466703950558,0.9852845568763762
548,9097.90161736852,0.9871876206445183
549,9098.336576170843,0.9892190006826078
550,9098.77158035753,0.9877192333234004
551,9099.206629928582,0.9898372183904103
552,9099.641724883995,0.9889303086454777
553,9100.076865223773,0.9953875310034058
554,9100.512050947915,0.9950862486353473
555,9100.94728205642,0.9917239225557781
556,9101.38255854929,0.990168324681691
557,9101.817880426523,0.9943290024284535
558,9102.253247688119,0.9862112304554238
559,9102.688660334079,0.986204362861441
560,9103.124118364403,0.9973844539091248
561,9103.55962177909,0.9963417930494265
562,9103.995170578142,0.9867674102178912
563,9104.430764761557,0.98525907186892
564,9104.866404329334,0.9921029349330379
565,9105.302089281477,0.9880975046456018
566,9105.737819617982,0.9951163547699386
567,9106.17359533885,0.9959921210994065
568,9106.609416444084,0.9923234330239716
569,9107.045282933681,0.9966420389003839
570,9107.48119480764,0.9999765227345804
571,9107.917152065964,0.9951531037638002
572,9108.353154708651,1.000095078788008
573,9108.789202735703,0.9951620141521444
574,9109.225296147117,0.9955252595548929
575,9109.661434942895,0.9981604253671937
576,9110.097619123037,0.999486487028252
577,9110.533848687543,0.9993748891733799
578,9110.970123636413,0.997704207463722
579,9111.406443969645,0.9970193553589088
580,9111.842809687241,1.0029254136205434
581,9112.279220789202,1.0005031149738022
582,9112.715677275524,0.9968538912870125
583,9113.152179146213,1.00255991659434
584,9113.588726401264,1.0001754740040836
585,9114.025319040678,1.0067322675074513
586,9114.461957064457,1.0095876309122007
587,9114.898640472598,1.0080380611415538
588,9115.335369265104,1.0080965935185406
589,9115.772143441973,1.0003859769392003
590,9116.208963003206,1.0054442938771804
591,9116.645827948803,1.0058725318063186
592,9117.082738278763,1.0006830058495337
593,9117.519693993087,1.0068987398338411
594,9117.956695091774,1.006996401325408
595,9118.393741574824,1.007502689098778
596,9118.83083344224,1.0078293024063525
597,9119.267970694018,1.0038148307017054
598,9119.70515333016,1.0082308588444482
599,9120.142381350666,1.0088622225528574
600,9120.579654755535,1.0063078780373145
601,9121.016973544767,1.0064630131060317
602,9121.454337718364,1.0101100917157224
603,9121.891747276324,1.0136256036407216
604,9122.329202218649,1.0068377339673416
605,9122.766702545336,1.0041815562800664
606,9123.204248256387,1.0120309122416369
607,9123.641839351802,1.0132006444642072
608,9124.07947583158,1.0123142965459346
609,9124.517157695722,1.0072710129309652
610,9124.954884944227,1.0105310106273235
611,9125.392657577097,1.0116332285023573
612,9125.83047559433,1.0189209379088537
613,9126.268338995926,1.0149584334437327
614,9126.706247781887,1.0031178958892024
615,9127.144201952211,1.0036531082912878
616,9127.582201506897,1.011551647874054
617,9128.020246445949,1.0066557783658845
618,9128.458336769363,1.0092979482038391
619,9128.896472477141,1.0107673295854127
620,9129.334653569284,1.0112189151574258
621,9129.77288004579,1.0111350211183405
622,9130.211151906658,1.0064822242376823
623,9130.649469151893,1.0118739168969335
624,9131.087831781488,1.017072462003677
625,9131.526239795448,1.0088543367306189
626,9131.964693193773,1.0109730727345028
627,9132.40319197646,1.0076877788682206
628,9132.841736143511,1.0158794612228568
629,9133.280325694926,1.01020346904951
630,9133.718960630704,1.0081767768295902
631,9134.157640950847,1.0169445517196947
632,9134.596366655353,1.012986084850255
633,9135.035137744222,1.015226187301911
634,9135.473954217454,1.0129112204769228
635,9135.912816075052,1.0111814919393964
636,9136.351723317011,1.0161491386182444
637,9136.790675943335,1.011525800701206
638,9137.229673954023,1.019725383056219
639,9137.668717349074,1.0145676112618005
640,9138.107806128488,1.0155783055225314
641,9138.546940292268,1.014638078573733
642,9138.986119840409,1.0070795602198677
643,9139.425344772915,1.014593166270524
644,9139.864615089784,1.0230819310548602
645,9140.303930791017,1.0200102467804923
646,9140.743291876614,1.027083336662891
647,9141.182698346574,1.0205660548438553
648,9141.622150200898,1.0132036461260243
649,9142.061647439587,1.0177737485458977
650,9142.501190062638,1.0121893203757328
651,9142.940778070051,1.013608275820793
652,9143.38041146183,1.0126417852940444
653,9143.820090237972,1.0090329606878563
654,9144.259814398478,1.0121198944756784
655,9144.699583943348,1.019369585953843
656,9145.139398872581,1.0141105757545041
657,9145.579259186177,1.0202203647658554
658,9146.019164884137,1.015487351346596
659,9146.459115966461,1.0094130056628683
660,9146.89911243315,1.0175899012773495
661,9147.3391542842,1.0124386774694938
662,9147.779241519615,1.0076090236992625
663,9148.219374139393,1.0072802459422576
664,9148.659552143536,1.0136373871307263
665,9149.099775532042,1.0129015529641046
666,9149.540044304911,1.008998252901292
667,9149.980358462144,1.0075100142483624
668,9150.420718003741,1.0115539688254636
669,9150.8611229297,1.012126419944825
670,9151.301573240025,1.0116752679076613
671,9151.742068934713,1.0096601892241872
672,9152.182610013764,1.0106941943606405
673,9152.62319647718,1.0052328408728717
674,9153.063828324957,0.9997330064661866
675,9153.504505557099,1.0103636551952893
676,9153.945228173605,1.0104511221214207
677,9154.385996174475,1.0046352161560752
678,9154.826809559709,1.0045587900879767
679,9155.267668329305,1.0037751939687591
680,9155.708572483265,1.0067610941462648
681,9156.14952202159,1.0094807206065108
682,9156.590516944276,1.0059506307895851
683,9157.031557251328,1.0062105701387554
684,9157.472642942743,1.0059151970842315
685,9157.913774018522,1.0035011365587216
686,9158.354950478664,1.0069264607438098
687,9158.79617232317,1.0031327298310984
688,9159.237439552038,1.0080476936712053
689,9159.678752165271,1.0072781659689354
690,9160.120110162869,1.0035493645481526
691,9160.56151354483,1.009631475187967
692,9161.002962311153,1.006123268492435
693,9161.44445646184,1.010329770200522
694,9161.885995996892,1.0058130556918923
695,9162.327580916308,1.0009412337790398
696,9162.769211220086,1.0023326588942534
697,9163.210886908228,1.0031507936581128
698,9163.652607980734,1.0032153808024895
699,9164.094374437604,1.001749158769498
700,9164.536186278836,1.0041122476889648
701,9164.978043504434,1.0031986186550068
702,9165.419946114394,0.9995833718181861
703,9165.861894108717,1.0041921814479526
704,9166.303887487406,0.9997363920206597
705,9166.745926250456,1.002419697290511
706,9167.188010397871,0.9972377408113464
707,9167.63013992965,1.0000602114770285
708,9168.072314845793,0.9952111929081595
709,9168.514535146298,0.9958843343811893
710,9168.956800831167,0.999526216727109
711,9169.3991119004,0.994197128025337
712,9169.841468353998,0.9914885403216556
713,9170.283870191959,0.9909728821076739
714,9170.726317414283,0.9952502438050888
715,9171.16881002097,0.995982982417845
716,9171.611348012022,0.994691861152372
717,9172.053931387436,0.9964508008902618
718,9172.496560147216,0.9930024296138595
719,9172.939234291358,1.000084351225662
720,9173.381953819864,0.9913362416113871
721,9173.824718732732,0.9930395251607961
722,9174.267529029967,0.9953153678713473
723,9174.710384711563,0.9968043233223924
724,9175.153285777524,0.9901141392509106
725,9175.596232227848,0.991331701347058
726,9176.039224062535,0.9880329087325659
727,9176.482261281586,0.9972263429409198
728,9176.925343885001,0.9974203776075454
729,9177.36847187278,0.9900522112397054
730,9177.811645244923,0.9976902883077119
731,9178.254864001428,0.9967671841721094
732,9178.698128142298,0.9914831856540707
733,9179.141437667531,0.9923230862932226
734,9179.584792577129,0.9941074917248705
735,9180.028192871088,0.9882300252497922
736,9180.471638549414,0.9920039438603119
737,9180.9151296121,0.9893794551582558
738,9181.358666059152,0.9993777503410949
739,9181.802247890568,1.0065149718830526
740,9182.245875106346,0.9986104655730061
741,9182.689547706488,0.9970401035153086
742,9183.133265690994,1.0013208154100892
743,9183.577029059863,1.0034353129389442
744,9184.020837813097,0.9955592780603548
745,9184.464691950694,0.9995696754601493
746,9184.908591472655,0.9988858704491678
747,9185.35253637898,0.9940353269619383
748,9185.796526669666,0.9909750324541874
749,9186.240562344718,0.9949822769456627
750,9186.684643404133,0.993610690412772
751,9187.128769847912,0.9931567821044847
752,9187.572941676055,0.996703116737802
753,9188.01715888856,0.9960585640616471
754,9188.46142148543,0.9986631915878331
755,9188.905729466664,0.9915064014719355
756,9189.35008283226,0.9968336761111103
757,9189.794481582221,0.9945949768835441
758,9190.238925716545,0.9930623408907114
759,9190.683415235233,0.9905548734742793
760,9191.127950138283,0.9919707139338203
761,9191.5725304257,0.996133723659731
762,9192.017156097478,0.9904418330100837
763,9192.46182715362,0.9907472202192351
764,9192.906543594127,0.9968029574007979
765,9193.351305418995,0.9952478453695284
766,9193.79611262823,0.9958377125343945
767,9194.240965221827,0.9976236899768518
768,9194.685863199787,0.9896033672245261
769,9195.13080656211,0.9946395906410508
770,9195.5757953088,0.9952602943654982
771,9196.02082943985,0.9862825321644543
772,9196.465908955266,0.983088875913529
773,9196.911033855044,0.9918835830562887
774,9197.356204139187,0.9869648337610413
775,9197.801419807693,0.9868052717821636
776,9198.246680860562,0.9894075784338042
777,9198.691987297796,0.9913384598138835
778,9199.137339119392,0.9903157856565392
779,9199.582736325354,0.989538239286788
780,9200.028178915678,0.9935129055342198
781,9200.473666890366,0.9904389617307007
782,9200.919200249416,0.992295904931214
783,9201.364778992833,0.9882961090941775
784,9201.810403120611,0.9924904300059645
785,9202.256072632754,0.9890087603150344
786,9202.70178752926,0.990394235285836
787,9203.14754781013,0.9885586111075781
788,9203.593353475362,0.9901174894333885
789,9204.03920452496,0.9943707095942893
790,9204.48510095892,0.9948743389627653
791,9204.931042777245,0.9909952412166216
792,9205.377029979933,0.9923572117415174
793,9205.823062566984,0.9927412393549846
794,9206.2691405384,0.9978355544074331
795,9206.715263894179,0.991651682103756
796,9207.16143263432,0.9937950812510388
797,9207.607646758826,0.9943893669908006
798,9208.053906267696,1.0006365875323335
799,9208.50021116093,0.9921382925038638
800,9208.946561438526,0.9961474008618552
801,9209.392957100488,0.9940080273673104
802,9209.839398146813,0.9958124839265496
803,9210.2858845775,1.001099231373026
804,9210.732416392551,0.996652652927069
805,9211.178993591966,0.9984212389606146
806,9211.625616175746,0.9933856643097112
807,9212.072284143887,0.9944077403052087
808,9212.518997496394,1.00690855983669
809,9212.965756233265,1.0013287523052088
810,9213.412560354498,0.9938860384240501
811,9213.859409860095,0.996296751090935
812,9214.306304750055,0.9984215731165096
813,9214.75324502438,1.001516553252626
814,9215.200230683067,0.9997682667083081
815,9215.647261726119,0.999004581943562
816,9216.094338153534,1.0014235635992328
817,9216.541459965314,0.999392376510271
818,9216.988627161456,0.9989292844573185
819,9217.435839741962,1.0015373042467495
820,9217.883097706832,0.9978886027673259
821,9218.330401056066,1.0025948309315686
822,9218.777749789662,0.9983103599938271
823,9219.225143907623,0.9928527035635484
824,9219.672583409947,0.9959513765490209
825,9220.120068296636,0.9983309758567968
826,9220.567598567688,0.994419875010454
827,9221.015174223103,0.9952444774683359
828,9221.462795262882,0.997619123005592
829,9221.910461687025,1.0041757835542373
830,9222.35817349553,1.002253843412967
831,9222.8059306884,0.9975782604008914
832,9223.253733265634,0.9962636817118052
833,9223.701581227231,0.9964667721780448
834,9224.14947457319,1.0003087031645554
835,9224.597413303516,1.0028174834284131
836,9225.045397418204,1.0043104903768696
837,9225.493426917255,0.999892606793271
838,9225.941501800671,0.9952788072650482
839,9226.38962206845,1.0009118812466065
840,9226.837787720593,1.003262334935572
841,9227.2859987571,0.998624556673807
842,9227.73425517797,0.9996093812425668
843,9228.182556983202,1.0080852292145475
844,9228.630904172798,1.0008766705623635
845,9229.07929674676,0.9975375453635755
846,9229.527734705085,1.0008485442775603
847,9229.976218047772,0.994631703550605
848,9230.424746774825,0.9940719956853645
849,9230.87332088624,0.9978435589564204
850,9231.321940382019,0.998092274797667
851,9231.770605262162,0.9979019202821806
852,9232.219315526667,1.0060940009575778
853,9232.668071175536,1.0010038509769663
854,9233.116872208771,0.9986716556228045
855,9233.565718626367,1.000284031949718
856,9234.014610428329,1.0016459986294768
857,9234.463547614652,1.0021622336696776
858,9234.912530185342,1.0103885497945646
859,9235.361558140394,1.0017679337573315
860,9235.810631479808,1.0005949255596867
861,9236.259750203588,0.9976751652023197
862,9236.70891431173,1.0018724643456989
863,9237.158123804236,1.0053980989036804
864,9237.607378681107,1.0028890368563457
865,9238.05667894234,0.9994909764074085
866,9238.506024587938,1.0008244849177874
867,9238.955415617898,1.001513743855136
868,9239.404852032223,0.9992148350688637
869,9239.85433383091,1.0011593686597386
870,9240.303861013963,1.0019892898273495
871,9240.753433581378,1.0026268458134096
872,9241.203051533157,1.0021820283954244
873,9241.652714869299,1.002766877468425
874,9242.102423589806,1.000487550188792
875,9242.552177694675,1.0008369979860774
876,9243.001977183909,1.0060227347086101
877,9243.451822057506,0.9993722316006084
878,9243.901712315466,0.9986803005749433
879,9244.351647957792,1.0008546052205036
880,9244.80162898448,1.0043574534386592
881,9245.251655395532,1.003961835204994
882,9245.701727190946,0.9985226930082078
883,9246.151844370726,1.004167658651411
884,9246.602006934869,1.0005638631491869
885,9247.052214883375,1.0049514352396014
886,9247.502468216246,1.0085128601797484
887,9247.952766933478,0.9991819434125371
888,9248.403111035075,1.0046183756908635
889,9248.853500521036,1.0014148921480717
890,9249.303935391361,0.9992024634342149
891,9249.75441564605,1.001345154413748
892,9250.204941285101,1.0052161838950766
893,9250.655512308516,1.0070333006060812
894,9251.106128716296,1.0039351653219994
895,9251.556790508439,1.0085917264219857
896,9252.007497684945,1.0031774945277325
897,9252.458250245814,1.0049070773513078
898,9252.909048191048,0.9996600253075104
899,9253.359891520646,1.0031830719404216
900,9253.810780234608,1.000844314925221
901,9254.261714332932,0.999731287282639
902,9254.71269381562,1.0108359100429638
903,9255.163718682672,1.0033593312979006
904,9255.614788934086,1.0035965953262365
905,9256.065904569867,1.005708036431244
906,9256.51706559001,0.9981607738066404
907,9256.968271994516,1.0043457085606637
908,9257.419523783385,1.0019159427694195
909,9257.87082095662,1.001754883742284
910,9258.322163514216,1.0046270962246155
911,9258.773551456177,1.0055615363370438
912,9259.224984782502,0.9972056287226463
913,9259.67646349319,1.0066330207209568
914,9260.127987588243,1.0142907094360747
915,9260.579557067658,1.0005924534081412
916,9261.031171931436,0.9994976270637679
917,9261.48283217958,1.000783444165068
918,9261.934537812085,1.0009659459860478
919,9262.386288828955,1.0011459068009854
920,9262.838085230189,1.004016696756973
921,9263.289927015787,0.9990607517371888
922,9263.741814185747,1.0053951368131822
923,9264.193746740073,0.9999000780989825
924,9264.645724678761,1.0071986398979642
925,9265.097748001812,1.0004946511730402
926,9265.549816709228,0.999514293550787
927,9266.001930801007,1.0031525315569385
928,9266.45409027715,1.0089842979606145
929,9266.906295137656,1.0015976938003617
930,9267.358545382527,1.005829175189009
931,9267.81084101176,1.0005802193100701
932,9268.263182025357,1.0034219832958622
933,9268.715568423318,1.0059068118776016
934,9269.168000205644,1.0004421759335125
935,9269.620477372331,1.0061567259133193
936,9270.072999923384,0.9968606061234835
937,9270.5255678588,1.0006385706413723
938,9270.978181178578,0.9944230613188259
939,9271.430839882722,1.0065615401507206
940,9271.883543971227,1.0065221231963535
941,9272.336293444097,0.9979012539563107
942,9272.789088301332,0.997151347195284
943,9273.24192854293,0.9960458118662517
944,9273.69481416889,0.9968644189987736
945,9274.147745179214,0.9927552259502856
946,9274.600721573903,0.9971050146379927
947,9275.053743352955,0.996028781936305
948,9275.50681051637,1.00003839610164
949,9275.95992306415,0.9975588258859618
950,9276.413080996294,0.9918388602117604
951,9276.866284312799,0.9883226095403861
952,9277.31953301367,1.0029750034357687
953,9277.772827098903,1.0018254344283148
954,9278.2261665685,1.0039242795750667
955,9278.679551422461,1.000792462287541
956,9279.132981660787,0.990105522854114
957,9279.586457283474,0.9992312213622472
958,9280.039978290526,1.0026087291562704
959,9280.493544681942,1.0054905304084065
960,9280.947156457722,0.9964133979092921
961,9281.400813617864,0.9983324972786667
962,9281.854516162372,1.0016512348038464
963,9282.308264091242,0.9990383910239659
964,9282.762057404474,1.0011022262257223
965,9283.215896102072,1.0011991435828753
966,9283.669780184033,0.9947161076088873
967,9284.123709650357,0.9959099324344939
968,9284.577684501046,0.999355994475606
969,9285.031704736099,1.0012872267301423
970,9285.485770355514,0.9984386447528415
971,9285.939881359294,1.0028127809959468
972,9286.394037747436,1.0017440852980357
973,9286.848239519943,1.0012626067493389
974,9287.302486676814,0.994652694551583
975,9287.756779218047,0.9977914009860538
976,9288.211117143645,1.0007161294011677
977,9288.665500453606,0.9983067077166128
978,9289.11992914793,0.9904883464486804
979,9289.57440322662,1.0004984182594736
980,9290.028922689671,0.9951431151540073
981,9290.483487537087,0.9959538530120575
982,9290.938097768865,0.9967601936115384
983,9291.39275338501,0.9968825589283844
984,9291.847454385515,0.9963966922852828
985,9292.302200770386,0.9955000136090151
986,9292.75699253962,1.0027182829637575
987,9293.211829693217,1.0011854497097195
988,9293.666712231177,0.9924560343336197
989,9294.121640153502,0.9963619506416739
990,9294.57661346019,0.9969522648529702
991,9295.031632151244,0.9968474048952427
992,9295.486696226659,0.9964532378435645
993,9295.941805686438,0.9961094632511888
994,9296.396960530581,1.0022224929421373
995,9296.852160759088,1.0001201407104392
996,9297.307406371958,0.999879975376166
997,9297.762697369193,0.9985689052897893
998,9298.218033750789,0.9996297502104525
999,9298.67341551675,0.9995901265877456
1000,9299.128842667076,0.9966119544040479
1001,9299.584315201764,0.9955734106584301
1002,9300.039833120816,1.000610836862837
1003,9300.495396424232,0.9932365555412301
1004,9300.951005112012,1.0017123158602854
1005,9301.406659184155,1.0022517910524218
1006,9301.862358640661,1.0003387275090625
1007,9302.318103481532,0.9931751520384995
1008,9302.773893706766,0.9975599770926565
1009,9303.229729316363,0.9981249095549123
1010,9303.685610310324,1.0001929548388844
1011,9304.141536688649,0.9962021025414568
1012,9304.597508451337,0.9910413334275954
1013,9305.053525598389,0.9935727719046554
1014,9305.509588129806,0.9982902150191889
1015,9305.965696045585,0.9934230217861066
1016,9306.421849345728,1.002689886771988
1017,9306.878048030234,0.9972847000875377
1018,9307.334292099105,0.9976351250135285
1019,9307.790581552339,1.0032290302519837
1020,9308.246916389937,1.0023062322227418
1021,9308.703296611897,1.0019179196777594
1022,9309.159722218223,0.9960933661773432
1023,9309.61619320891,0.9996703274354899
1024,9310.072709583963,1.0014206240408434
1025,9310.52927134338,0.9966448877239216
1026,9310.985878487158,1.0017222982090732
1027,9311.442531015302,0.9976585960724323
1028,9311.899228927809,0.999930764301837
1029,9312.35597222468,0.99773022395629
1030,9312.812760905912,1.0038657715505663
1031,9313.26959497151,1.0025712387111896
1032,9313.726474421472,1.003405562677682
1033,9314.183399255797,0.9983534940785967
1034,9314.640369474484,0.9970464420494218
1035,9315.097385077537,0.992295167693227
1036,9315.554446064953,0.9907979072173057
1037,9316.011552436732,0.9942649141099387
1038,9316.468704192876,0.9880906675901124
1039,9316.925901333381,0.9908152734743665
1040,9317.383143858253,0.9913611484918656
1041,9317.840431767487,0.9972880049412631
1042,9318.297765061085,1.0057346033247427
1043,9318.755143739045,0.9984352256932345
1044,9319.21256780137,0.9914799701941591
1045,9319.670037248059,0.9971969753169503
1046,9320.127552079111,1.0011592824498328
1047,9320.585112294526,0.9979698963224851
1048,9321.042717894306,0.9956320527236584
1049,9321.500368878449,0.9976012158577715
1050,9321.958065246956,0.994420472113783
1051,9322.415806999827,0.9989582861073381
1052,9322.873594137061,0.9964818006709244
1053,9323.331426658659,0.9977297163364033
1054,9323.78930456462,0.9951899032185008
1055,9324.247227854945,0.9959682927227905
1056,9324.705196529632,0.9988059175839858
1057,9325.163210588686,0.9993573824326247
1058,9325.621270032101,0.9992800696146689
1059,9326.07937485988,0.9987247279174736
1060,9326.537525072024,1.0010897504432115
1061,9326.99572066853,0.994200194165997
1062,9327.4539616494,0.9976857176298206
1063,9327.912248014634,0.9975563712117381
1064,9328.370579764232,0.9951932287769539
1065,9328.828956898195,0.995167783746526
1066,9329.287379416519,0.9961367609518375
1067,9329.745847319207,1.0037896872951966
1068,9330.20436060626,0.9978060676059983
1069,9330.662919277676,0.9989303248273257
1070,9331.121523333455,1.0003109451283207
1071,9331.580172773598,0.999482812595734
1072,9332.038867598105,1.0043777458184442
1073,9332.497607806976,0.9952214707552685
1074,9332.95639340021,0.9945951147145852
1075,9333.415224377808,1.0030953242645935
1076,9333.87410073977,0.9980224884290743
1077,9334.333022486095,1.0013385638412666
1078,9334.791989616782,0.9966569255849921
1079,9335.251002131836,0.9993491870866944
1080,9335.710060031251,0.9941318336519605
1081,9336.169163315031,1.001891403053214
1082,9336.628311983173,1.0008979748270546
1083,9337.087506035681,1.0041810556223782
1084,9337.546745472551,1.0008032263508742
1085,9338.006030293785,1.0054015325134862
1086,9338.465360499384,1.0027059597525738
1087,9338.924736089344,0.9989785235424731
1088,9339.384157063669,0.9957116854117793
1089,9339.843623422359,0.9961801317236194
1090,9340.30313516541,0.9997464874025672
1091,9340.762692292827,1.0004482153693601
1092,9341.222294804606,1.0030093289488913
1093,9341.681942700749,1.0000184070188878
1094,9342.141635981256,0.9941376813290331
1095,9342.601374646127,0.9984570470350635
1096,9343.06115869536,1.0014156388501214
1097,9343.52098812896,0.9969570827477098
1098,9343.98086294692,0.9969770409321208
1099,9344.440783149244,1.0008473539908214
1100,9344.900748735934,1.005496965807843
1101,9345.360759706986,1.001092288239217
1102,9345.820816062402,0.9989640662817592
1103,9346.280917802182,0.9972947732604496
1104,9346.741064926326,1.0002358805300662
1105,9347.201257434832,0.9999017407798331
1106,9347.661495327702,0.9984159881886489
1107,9348.121778604936,0.9999779344232794
1108,9348.582107266535,1.0005978823906667
1109,9349.042481312496,0.9956337822249585
1110,9349.50290074282,1.0026693145362156
1111,9349.963365557509,0.9987357959544305
1112,9350.423875756562,0.9918070218266375
1113,9350.884431339979,1.0009213954053682
1114,9351.345032307758,0.9966491638608983
1115,9351.8056786599,1.0001515499089688
1116,9352.266370396408,0.9994907041832501
1117,9352.72710751728,1.0007138224942997
1118,9353.187890022513,0.9966423178211783
1119,9353.64871791211,1.0012067576795545
1120,9354.109591186072,0.9978935060379555
1121,9354.570509844398,0.996660935601169
1122,9355.031473887086,0.9967027555260888
1123,9355.492483314138,0.9956263535501233
1124,9355.953538125554,0.9952791747350516
1125,9356.414638321334,0.9982790210037712
1126,9356.875783901478,0.999993215164967
1127,9357.336974865984,0.9990383970066427
1128,9357.798211214855,0.9991217513638613
1129,9358.25949294809,1.0029791493591955
1130,9358.720820065688,1.0049154946864967
1131,9359.182192567649,1.0029714044638456
1132,9359.643610453973,1.002381284324379
1133,9360.105073724662,0.9966971891541504
1134,9360.566582379715,1.001054282816944
1135,9361.02813641913,1.0001038862175555
1136,9361.489735842912,1.0044938579188434
1137,9361.951380651055,0.9979692684299548
1138,9362.41307084356,1.0005603659011233
1139,9362.874806420432,1.0070862151295095
1140,9363.336587381666,1.00323724453794
1141,9363.798413727263,0.9998388775015286
1142,9364.260285457225,1.000906429892897
1143,9364.722202571551,1.0014650825819946
1144,9365.184165070239,0.9970981399432219
1145,9365.646172953291,1.002044906294078
1146,9366.108226220707,1.0030085643684516
1147,9366.570324872488,0.9996221369555808
1148,9367.03246890863,1.003062603570358
1149,9367.494658329138,0.9977489302116942
1150,9367.956893134009,1.001199267151538
1151,9368.419173323244,0.998719672791979
1152,9368.88149889684,1.0069717767481692
1153,9369.343869854802,1.0032104816128737
1154,9369.806286197128,1.0039921287760076
1155,9370.268747923816,1.0036783635026625
1156,9370.731255034869,0.99841629657274
1157,9371.193807530286,1.001526970861189
1158,9371.656405410065,1.0018888630475802
1159,9372.119048674209,1.0001340399923464
1160,9372.581737322715,1.00419206984829
1161,9373.044471355586,1.0062566358484257
1162,9373.50725077282,1.0000192576358962
1163,9373.970075574418,1.0067750841394216
1164,9374.43294576038,1.0040242128880226
1165,9374.895861330706,1.005185538219147
1166,9375.358822285394,1.0071063357101901
1167,9375.821828624446,1.0068300112760986
1168,9376.284880347863,1.004910086773695
1169,9376.747977455643,1.0049198711768559
1170,9377.211119947786,1.0004490556623435
1171,9377.674307824293,1.0005332905178292
1172,9378.137541085163,1.0010645434431624
1173,9378.600819730398,0.995217228541852
1174,9379.064143759995,0.9948375161018167
1175,9379.527513173958,0.9934693022492058
1176,9379.990927972283,0.9948454568751545
1177,9380.454388154973,0.9903006746816192
1178,9380.917893722024,0.9992186598974171
1179,9381.381444673441,1.0004123670259508
1180,9381.845041009221,1.0038680409061649
1181,9382.308682729365,0.9996073763112168
1182,9382.77236983387,1.0020699162398063
1183,9383.236102322742,1.004611817168673
1184,9383.699880195976,1.0032900505350133
1185,9384.163703453574,1.0056867156261364
1186,9384.627572095536,1.0071900990437337
1187,9385.09148612186,1.0062196603126266
1188,9385.55544553255,1.0005344270040302
1189,9386.019450327603,1.0027255756457514
1190,9386.483500507018,1.0033828563239529
1191,9386.947596070799,1.0003131503736091
1192,9387.411737018941,1.0052133862681805
1193,9387.875923351448,1.002616338220574
1194,9388.34015506832,1.0031134858991355
1195,9388.804432169554,1.005088131867108
1196,9389.268754655153,1.0050801254180253
1197,9389.733122525115,1.0046537960908386
1198,9390.19753577944,1.0079216162560043
1199,9390.661994418128,1.0051500253806216
1200,9391.126498441181,0.999917308640726
1201,9391.591047848597,1.0010922838500127
1202,9392.055642640376,1.0023860603318937
1203,9392.52028281652,1.0027514364397414
1204,9392.984968377028,0.999682157019133
1205,9393.449699321898,1.000983365686579
1206,9393.914475651132,1.0000145360029897
1207,9394.37929736473,0.9991984106530085
1208,9394.844164462693,1.001683403482673
1209,9395.309076945017,1.0082073776499114
1210,9395.774034811708,1.0013530608574173
