 Structure from AMSCIFDB, AMS_ID: 11145         Feff8L (EXAFS)       0.1
 Mineral Name: Copper
 Journal: Crystal Structures 1, pp. 7-83 (1963)
 Authors: Wyckoff R W G
 Title1:  Second edition. Interscience Publishers, New York, New York
 Title2:  Cubic closest packed, ccp, structure
 Formula:    Cu
 SpaceGroup: Fm-3m
 # sites:    1
 POT  Non-SCF, core-hole, AFOLP (folp(0)= 1.150)
 Abs   Z=29 Rmt= 1.451 Rnm= 1.504 K  shell
 Pot 1 Z=29 Rmt= 1.356 Rnm= 1.393
 Gam_ch=1.729E+00 H-L exch
 Mu=-3.774E+00 kf=1.821E+00 Vint=-1.641E+01 Rs_int= 1.991
 PATH  Rmax= 7.000,  Keep_limit= 0.00, Heap_limit 0.00  Pwcrit= 2.50%
 Path   25      icalc       2
 -----------------------------------------------------------------------
   3  96.000   6.3497    2.6349   -3.77422 nleg, deg, reff, rnrmav(bohr), edge
        x         y         z   pot at#
    -0.0000   -0.0000   -0.0000  0  29 Cu       absorbing atom
    -0.0000   -1.8075   -5.4224  1  29 Cu
     1.8075   -0.0000   -1.8075  1  29 Cu
    k   real[2*phc]   mag[feff]  phase[feff] red factor   lambda     real[p]@#
  0.000  3.9599E+00  3.0638E-05 -3.7041E+00  9.914E-01  1.6062E+01  1.8225E+00
  0.100  3.9602E+00  1.5462E-02 -4.9282E+00  9.916E-01  1.6085E+01  1.8251E+00
  0.200  3.9612E+00  2.9722E-02 -6.0698E+00  9.923E-01  1.6152E+01  1.8330E+00
  0.300  3.9626E+00  4.1815E-02 -7.1308E+00  9.934E-01  1.6258E+01  1.8460E+00
  0.400  3.9643E+00  5.1186E-02 -8.1176E+00  9.949E-01  1.6393E+01  1.8642E+00
  0.500  3.9657E+00  5.7731E-02 -9.0371E+00  9.969E-01  1.6543E+01  1.8873E+00
  0.600  3.9666E+00  6.1724E-02 -9.8958E+00  9.992E-01  1.6694E+01  1.9151E+00
  0.700  3.9663E+00  6.3655E-02 -1.0699E+01  1.002E+00  1.6828E+01  1.9476E+00
  0.800  3.9645E+00  6.4076E-02 -1.1451E+01  1.005E+00  1.6926E+01  1.9845E+00
  0.900  3.9605E+00  6.3490E-02 -1.2155E+01  1.008E+00  1.6971E+01  2.0257E+00
  1.000  3.9539E+00  6.2297E-02 -1.2813E+01  1.012E+00  1.6949E+01  2.0709E+00
  1.100  3.9441E+00  6.0788E-02 -1.3425E+01  1.016E+00  1.6848E+01  2.1201E+00
  1.200  3.9306E+00  5.9160E-02 -1.3993E+01  1.021E+00  1.6665E+01  2.1732E+00
  1.300  3.9130E+00  5.7540E-02 -1.4518E+01  1.025E+00  1.6401E+01  2.2300E+00
  1.400  3.8908E+00  5.6003E-02 -1.4998E+01  1.031E+00  1.6066E+01  2.2904E+00
  1.500  3.8635E+00  5.4589E-02 -1.5434E+01  1.037E+00  1.5674E+01  2.3544E+00
  1.600  3.8308E+00  5.3308E-02 -1.5827E+01  1.043E+00  1.5244E+01  2.4221E+00
  1.700  3.7922E+00  5.2157E-02 -1.6176E+01  1.049E+00  1.4799E+01  2.4935E+00
  1.800  3.7472E+00  5.1102E-02 -1.6480E+01  1.056E+00  1.4364E+01  2.5686E+00
  1.900  3.6954E+00  5.0092E-02 -1.6739E+01  1.062E+00  1.3965E+01  2.6476E+00
  2.000  3.6363E+00  4.9022E-02 -1.6950E+01  1.067E+00  1.3630E+01  2.7307E+00
  2.200  3.4669E+00  4.4194E-02 -1.7143E+01  1.067E+00  1.3265E+01  2.9223E+00
  2.400  3.3448E+00  5.1975E-02 -1.7453E+01  1.239E+00  7.2013E+00  3.0974E+00
  2.600  3.3337E+00  4.8303E-02 -1.8160E+01  1.288E+00  6.1342E+00  3.2283E+00
  2.800  3.2993E+00  4.3789E-02 -1.8767E+01  1.306E+00  5.6465E+00  3.3669E+00
  3.000  3.2439E+00  3.8556E-02 -1.9260E+01  1.308E+00  5.4417E+00  3.5138E+00
  3.200  3.1774E+00  3.2886E-02 -1.9636E+01  1.291E+00  5.3824E+00  3.6667E+00
  3.400  3.1021E+00  2.8555E-02 -1.9871E+01  1.274E+00  5.4119E+00  3.8252E+00
  3.600  3.0213E+00  2.6356E-02 -1.9975E+01  1.251E+00  5.5017E+00  3.9884E+00
  3.800  2.9344E+00  2.7235E-02 -2.0022E+01  1.230E+00  5.6355E+00  4.1560E+00
  4.000  2.8435E+00  3.0650E-02 -2.0092E+01  1.210E+00  5.8034E+00  4.3272E+00
  4.200  2.7503E+00  3.5113E-02 -2.0218E+01  1.191E+00  5.9986E+00  4.5016E+00
  4.400  2.6540E+00  3.9532E-02 -2.0375E+01  1.171E+00  6.2167E+00  4.6789E+00
  4.600  2.5553E+00  4.3579E-02 -2.0556E+01  1.153E+00  6.4544E+00  4.8587E+00
  4.800  2.4548E+00  4.6375E-02 -2.0743E+01  1.138E+00  6.7092E+00  5.0406E+00
  5.000  2.3531E+00  4.8237E-02 -2.0933E+01  1.120E+00  6.9792E+00  5.2243E+00
  5.200  2.2506E+00  4.9112E-02 -2.1126E+01  1.104E+00  7.2630E+00  5.4098E+00
  5.400  2.1479E+00  4.8714E-02 -2.1315E+01  1.090E+00  7.5594E+00  5.5966E+00
  5.600  2.0464E+00  4.7438E-02 -2.1507E+01  1.076E+00  7.8674E+00  5.7847E+00
  5.800  1.9465E+00  4.5253E-02 -2.1702E+01  1.064E+00  8.1862E+00  5.9740E+00
  6.000  1.8482E+00  4.2339E-02 -2.1900E+01  1.052E+00  8.5152E+00  6.1642E+00
  6.500  1.6123E+00  3.3464E-02 -2.2446E+01  1.028E+00  9.3787E+00  6.6433E+00
  7.000  1.3871E+00  2.5743E-02 -2.3110E+01  1.010E+00  1.0296E+01  7.1264E+00
  7.500  1.1697E+00  2.2610E-02 -2.3855E+01  9.961E-01  1.1261E+01  7.6127E+00
  8.000  9.5490E-01  2.3376E-02 -2.4501E+01  9.839E-01  1.2272E+01  8.1012E+00
  8.500  7.5252E-01  2.5165E-02 -2.4975E+01  9.736E-01  1.3324E+01  8.5917E+00
  9.000  5.6258E-01  2.5744E-02 -2.5327E+01  9.653E-01  1.4416E+01  9.0836E+00
  9.500  3.8329E-01  2.4942E-02 -2.5604E+01  9.581E-01  1.5546E+01  9.5766E+00
 10.000  2.0953E-01  2.3268E-02 -2.5829E+01  9.504E-01  1.6713E+01  1.0071E+01
 11.000 -1.2702E-01  1.9448E-02 -2.6163E+01  9.357E-01  1.9148E+01  1.1061E+01
 12.000 -4.3664E-01  1.6398E-02 -2.6416E+01  9.269E-01  2.1714E+01  1.2053E+01
 13.000 -7.2501E-01  1.4012E-02 -2.6662E+01  9.225E-01  2.4402E+01  1.3047E+01
 14.000 -9.9065E-01  1.1805E-02 -2.6922E+01  9.202E-01  2.7205E+01  1.4042E+01
 15.000 -1.2366E+00  9.6868E-03 -2.7179E+01  9.199E-01  3.0118E+01  1.5038E+01
 16.000 -1.4662E+00  7.8307E-03 -2.7416E+01  9.203E-01  3.3136E+01  1.6035E+01
 17.000 -1.6790E+00  6.3251E-03 -2.7637E+01  9.215E-01  3.6255E+01  1.7032E+01
 18.000 -1.8787E+00  5.1370E-03 -2.7838E+01  9.230E-01  3.9470E+01  1.8030E+01
 19.000 -2.0650E+00  4.2310E-03 -2.8020E+01  9.246E-01  4.2777E+01  1.9027E+01
 20.000 -2.2401E+00  3.5338E-03 -2.8194E+01  9.264E-01  4.6174E+01  2.0026E+01
